10
0 1 1e+38 1e+38 1e+38 1e+38 1e+38 1e+38 15.2557 25.739 
1e+38 0 1 1e+38 46.7906 1e+38 1e+38 18.3381 0.59649 78.8121 
1e+38 1e+38 0 1 1e+38 1e+38 1e+38 1.52075 38.9724 97.5875 
83.8149 1e+38 48.5223 0 1 1e+38 39.3172 59.0311 1e+38 54.5729 
84.7701 1e+38 1e+38 1e+38 0 1 1e+38 1e+38 1e+38 26.7922 
76.8773 1e+38 1e+38 1e+38 1e+38 0 1 1e+38 1.0498 97.0898 
1e+38 1e+38 1e+38 1e+38 1e+38 1e+38 0 1 1e+38 49.3957 
1e+38 1e+38 1e+38 66.7564 98.8119 1e+38 1e+38 0 1 4.13716 
1e+38 1e+38 1e+38 15.4312 10.6839 1e+38 1e+38 68.8012 0 1 
1 60.4197 0.874765 56.6431 39.9173 11.0104 50.6593 47.3212 60.4632 0 
