50
0 1 29.0755 1e+38 8.6737 89.0683 1e+38 1e+38 1e+38 46.9574 1e+38 30.371 1e+38 9.61221 1e+38 1e+38 1e+38 1e+38 1e+38 1e+38 1e+38 80.31 1e+38 1e+38 1e+38 1e+38 1e+38 1e+38 1e+38 1e+38 1e+38 1e+38 1e+38 1e+38 1e+38 1e+38 1e+38 1e+38 1e+38 68.5284 1e+38 1e+38 98.8993 1e+38 22.8308 1e+38 87.8591 1e+38 1e+38 92.817 
1e+38 0 1 1e+38 1e+38 8.98869 1e+38 1e+38 72.4354 1e+38 1e+38 1e+38 90.6153 1e+38 1e+38 53.4647 1e+38 1e+38 1e+38 90.1445 7.5532 1e+38 3.36311 1e+38 1e+38 26.1939 1e+38 1e+38 1e+38 1e+38 1e+38 78.6598 91.8849 96.5889 1e+38 1e+38 1e+38 1e+38 1e+38 1e+38 1e+38 20.9484 1e+38 1e+38 1e+38 1e+38 1e+38 1e+38 1e+38 93.2737 
72.3867 1e+38 0 1 1e+38 1e+38 1e+38 1e+38 83.4488 1e+38 1e+38 1e+38 1e+38 1e+38 1e+38 1e+38 1e+38 1e+38 1e+38 1e+38 1e+38 66.851 6.96069 1e+38 1e+38 1e+38 1e+38 76.6819 1e+38 1e+38 1e+38 1e+38 1e+38 1e+38 1e+38 1e+38 1e+38 1e+38 1e+38 1e+38 68.6345 1e+38 23.1374 1e+38 40.8934 26.6371 1e+38 67.8979 35.7144 92.2363 
1e+38 1e+38 1e+38 0 1 1e+38 1e+38 1e+38 80.8034 1e+38 7.80367 1e+38 1e+38 1e+38 1e+38 1e+38 1e+38 1e+38 1e+38 1e+38 1e+38 92.8909 1e+38 2.8748 1e+38 1e+38 1e+38 1e+38 1e+38 1e+38 1e+38 1e+38 1e+38 8.0114 1e+38 1e+38 12.1329 1e+38 1e+38 92.9363 1e+38 44.7595 1e+38 93.6243 1e+38 74.4283 52.7956 1e+38 1e+38 77.052 
8.98369 1e+38 1e+38 1e+38 0 1 93.3771 1e+38 1e+38 1e+38 15.2894 19.2892 1e+38 1e+38 1e+38 1e+38 91.4848 1e+38 92.6484 1e+38 1e+38 90.2427 73.2002 1e+38 1e+38 2.68293 1e+38 1e+38 1e+38 1e+38 1e+38 1e+38 1e+38 1e+38 1e+38 1e+38 1e+38 1e+38 1e+38 1e+38 1e+38 1e+38 1e+38 83.5513 1e+38 14.2898 1e+38 1e+38 53.7232 79.8921 
1e+38 86.093 1e+38 1e+38 1e+38 0 1 12.6517 1e+38 9.31025 1e+38 4.37917 1e+38 1e+38 1e+38 1e+38 33.8533 85.3717 45.6114 10.5765 1e+38 1e+38 2.58924 1e+38 1e+38 1e+38 1e+38 1e+38 1e+38 8.07405 71.4799 1e+38 1e+38 1e+38 1e+38 1e+38 1e+38 1e+38 1e+38 1e+38 1e+38 1e+38 1e+38 25.3722 1e+38 1e+38 1e+38 11.1076 1e+38 15.332 
21.6841 1e+38 1e+38 1e+38 57.2014 1e+38 0 1 1e+38 1e+38 1e+38 1e+38 1e+38 1e+38 1e+38 1e+38 1e+38 1e+38 74.9924 1e+38 1e+38 63.9022 9.15672 17.7089 1e+38 1e+38 1e+38 1e+38 1e+38 60.4744 1e+38 1e+38 1e+38 10.4517 1e+38 1e+38 1e+38 1e+38 1e+38 82.9772 1e+38 65.9945 1e+38 1e+38 1e+38 1e+38 1e+38 1e+38 1e+38 49.9283 
1e+38 1e+38 13.8305 1e+38 1e+38 1e+38 1e+38 0 1 1e+38 74.0704 1e+38 1.29095 1e+38 1e+38 1e+38 86.5012 1e+38 1e+38 1e+38 1e+38 1e+38 1e+38 1e+38 1e+38 78.6517 1e+38 1e+38 1e+38 1e+38 1e+38 1e+38 1e+38 1e+38 15.7185 88.0593 1e+38 1e+38 1e+38 66.4893 1e+38 1e+38 2.91636 1e+38 1e+38 1e+38 1e+38 1e+38 1e+38 38.8732 
1e+38 1e+38 1e+38 1e+38 1e+38 1e+38 1e+38 94.6165 0 1 66.0043 1e+38 1e+38 1e+38 10.7733 1e+38 1e+38 1e+38 1e+38 26.5879 1e+38 1e+38 1e+38 1e+38 52.4651 1e+38 34.3635 1e+38 43.6363 81.958 1e+38 90.4176 1e+38 1e+38 1e+38 5.99033 1e+38 1e+38 1e+38 1e+38 13.2147 1e+38 57.7263 83.6295 1e+38 1e+38 1e+38 1e+38 1e+38 56.1843 
55.0051 1e+38 24.9821 57.3187 1e+38 1e+38 87.043 1e+38 1e+38 0 1 1e+38 1e+38 1e+38 1e+38 1e+38 1e+38 1e+38 1e+38 83.1301 1e+38 30.7341 49.7413 51.9775 1e+38 1e+38 1e+38 84.1264 1e+38 1e+38 1e+38 1e+38 1e+38 65.2928 93.9667 1e+38 1e+38 1e+38 1e+38 1.0867 11.689 1e+38 1e+38 1e+38 1e+38 1e+38 89.9455 1e+38 1e+38 7.465 
1e+38 1e+38 1e+38 61.7137 1e+38 1e+38 1e+38 1e+38 1e+38 1e+38 0 1 33.2304 85.3309 1e+38 27.1971 1e+38 85.0327 8.20679 8.24917 1e+38 19.8957 1e+38 1e+38 52.6816 1e+38 64.3433 1e+38 1e+38 1e+38 1e+38 1e+38 1e+38 88.2913 1e+38 1e+38 1e+38 41.8221 1e+38 1e+38 38.4045 67.5342 1e+38 1e+38 52.8651 1e+38 1e+38 1e+38 81.8684 7.03877 
65.7813 67.9878 1e+38 43.8165 33.3132 1e+38 68.1708 1e+38 1e+38 1e+38 1e+38 0 1 1e+38 60.6265 1e+38 1e+38 1e+38 55.2412 1e+38 79.0238 93.6457 14.8003 1e+38 1e+38 67.6654 1e+38 64.1126 1e+38 1e+38 1e+38 90.9788 1e+38 98.0859 1e+38 1e+38 1e+38 2.96611 1e+38 1e+38 24.3335 1e+38 1e+38 1e+38 1e+38 1e+38 1e+38 1e+38 1e+38 79.5301 
1e+38 13.4113 73.1758 1e+38 1e+38 38.4564 1e+38 1e+38 1e+38 1e+38 1e+38 1e+38 0 1 71.8062 1e+38 1e+38 1e+38 53.2288 1e+38 1e+38 1e+38 12.9712 1e+38 88.4322 1e+38 54.6406 12.7211 1e+38 1e+38 1e+38 1e+38 2.43945 1e+38 1e+38 1e+38 1e+38 4.22305 1e+38 1e+38 1e+38 1e+38 1e+38 1e+38 1e+38 51.9789 1e+38 1e+38 1e+38 47.6705 
64.5547 50.9402 1e+38 1e+38 1e+38 1e+38 1e+38 1e+38 1e+38 1e+38 16.3426 1e+38 94.2341 0 1 1e+38 1e+38 1e+38 1e+38 1e+38 94.4003 1e+38 1e+38 74.573 76.2798 97.8095 1e+38 70.7215 1e+38 1e+38 1e+38 1e+38 1e+38 1e+38 1e+38 51.653 1e+38 1e+38 78.9675 1e+38 1e+38 1e+38 1e+38 89.3428 1e+38 86.3776 1e+38 82.2919 1e+38 91.8979 
77.2901 1e+38 1e+38 1e+38 43.2986 1e+38 1e+38 1e+38 1e+38 1e+38 1e+38 89.392 1e+38 1e+38 0 1 1e+38 1e+38 1e+38 7.48894 1e+38 1e+38 2.79902 76.2957 1e+38 1e+38 62.6733 1e+38 1e+38 1e+38 35.1816 1e+38 5.7243 1e+38 1e+38 49.0229 59.4587 1e+38 1e+38 30.4586 5.96084 1e+38 19.8506 1e+38 1e+38 1e+38 1e+38 1e+38 1e+38 58.8354 
29.6418 1e+38 24.2674 1e+38 93.4522 1e+38 1e+38 56.1255 1e+38 1e+38 1e+38 1e+38 1e+38 98.8484 1e+38 0 1 76.1462 1e+38 66.7448 6.60485 1e+38 83.5077 1e+38 1e+38 1e+38 79.3229 1e+38 1e+38 1e+38 1e+38 1e+38 1e+38 11.9051 1e+38 1e+38 1e+38 10.7066 1e+38 1e+38 1e+38 1e+38 1e+38 84.2098 1e+38 87.4678 74.4097 1e+38 1e+38 16.3693 
95.8199 1e+38 1e+38 1e+38 1e+38 1e+38 1e+38 75.9973 1e+38 55.7586 1e+38 21.0199 1e+38 38.1477 1e+38 46.067 0 1 56.7736 1e+38 1e+38 1e+38 42.8398 1e+38 1e+38 1e+38 1e+38 1e+38 53.1185 1e+38 1e+38 48.9384 1e+38 1e+38 1e+38 25.9004 1e+38 1e+38 1.89768 93.2359 1e+38 1e+38 1e+38 1e+38 38.5395 1e+38 1e+38 9.79289 1e+38 28.0243 
1e+38 1e+38 44.0195 1e+38 1e+38 1e+38 37.1606 1e+38 1e+38 1e+38 1e+38 9.82339 1e+38 1e+38 1e+38 1e+38 1e+38 0 1 1e+38 18.1868 1e+38 1e+38 1e+38 1e+38 1e+38 1e+38 1e+38 1e+38 1e+38 1e+38 1e+38 1e+38 61.1856 1e+38 1e+38 1e+38 1e+38 1e+38 1e+38 87.1063 1e+38 1e+38 1e+38 1e+38 1e+38 1e+38 1e+38 1e+38 46.0233 
1e+38 1e+38 38.7308 37.9236 74.7503 56.6219 1e+38 1e+38 1e+38 1e+38 1e+38 1e+38 1e+38 1e+38 24.1154 1e+38 1e+38 1e+38 0 1 53.7748 1e+38 1e+38 87.8476 1e+38 39.2566 1e+38 1e+38 1e+38 11.1385 1e+38 1e+38 53.4462 1e+38 69.6007 1e+38 1e+38 1e+38 82.57 1e+38 54.6782 1e+38 1e+38 1e+38 51.5428 1e+38 1e+38 90.463 1e+38 52.5108 
1e+38 1e+38 1e+38 1e+38 36.2879 1e+38 1e+38 1e+38 1e+38 1e+38 1e+38 48.416 1e+38 1e+38 1e+38 1e+38 1e+38 1e+38 1e+38 0 1 1e+38 86.2763 1e+38 1e+38 1e+38 1e+38 39.9709 1e+38 1e+38 1e+38 1e+38 1e+38 1e+38 1e+38 20.109 1e+38 1e+38 1e+38 1e+38 1e+38 1e+38 1e+38 1e+38 65.7486 1e+38 1e+38 81.8353 1e+38 25.6701 
1e+38 1e+38 1e+38 66.7683 1e+38 86.1238 1e+38 1e+38 26.0947 1e+38 1e+38 18.5764 77.0481 1e+38 34.393 1e+38 1e+38 1e+38 1e+38 1e+38 0 1 1e+38 1e+38 69.726 1e+38 1e+38 1e+38 1e+38 1e+38 1e+38 1e+38 1e+38 1e+38 1e+38 9.74007 1e+38 1e+38 37.3159 1e+38 1e+38 1e+38 1e+38 1e+38 1e+38 1e+38 1e+38 1e+38 1e+38 16.8644 
1e+38 1e+38 1e+38 1e+38 1e+38 1e+38 66.3052 1e+38 1e+38 1e+38 1e+38 73.1053 1e+38 1e+38 1e+38 1e+38 1e+38 1e+38 88.8784 1e+38 1e+38 0 1 1e+38 1e+38 1e+38 74.5033 1e+38 1e+38 11.7981 1e+38 1e+38 1e+38 96.9259 1e+38 1e+38 1e+38 50.8962 1e+38 9.40031 1e+38 1e+38 1e+38 1e+38 1e+38 1e+38 1e+38 1e+38 1e+38 61.3941 
1e+38 1e+38 70.733 1e+38 1e+38 1e+38 56.465 1e+38 1.53007 1e+38 1e+38 1e+38 76.6151 1e+38 1e+38 1e+38 94.3278 62.0339 12.1024 37.3233 71.4342 65.0471 0 1 1e+38 1e+38 10.9652 1e+38 1e+38 30.0487 70.1854 80.7332 1e+38 40.9184 1e+38 1e+38 1e+38 59.6437 1e+38 1e+38 64.0649 93.6549 62.373 1e+38 50.1541 1e+38 1e+38 44.482 1e+38 13.9885 
1e+38 1e+38 79.0355 1e+38 89.051 1e+38 75.3635 1e+38 24.1023 1e+38 1e+38 1e+38 1e+38 1e+38 1e+38 1e+38 1e+38 1e+38 1e+38 1e+38 1e+38 1e+38 1e+38 0 1 30.8745 1e+38 70.8072 75.3564 1.42705 84.7957 1e+38 1e+38 63.8312 1e+38 1e+38 1e+38 1e+38 25.6053 3.2445 1e+38 55.6702 1e+38 1e+38 10.5585 1e+38 1e+38 1e+38 1e+38 2.09414 
1e+38 1e+38 30.3354 1e+38 96.2841 1e+38 1e+38 34.0341 1e+38 1e+38 1e+38 1e+38 1e+38 1e+38 18.6907 1e+38 1e+38 1e+38 1e+38 1e+38 1e+38 1e+38 1e+38 98.6096 0 1 1e+38 1e+38 1e+38 1e+38 1e+38 62.3802 77.9683 1e+38 1e+38 1e+38 1e+38 14.7183 1e+38 76.6662 1e+38 1e+38 1e+38 1e+38 15.747 50.2163 1e+38 1e+38 48.0491 37.5592 
1e+38 1e+38 1e+38 1e+38 47.7361 1e+38 4.81636 1e+38 1e+38 1e+38 1e+38 1e+38 1e+38 1e+38 37.4441 1e+38 1e+38 1e+38 1e+38 1e+38 20.7127 1e+38 1e+38 1e+38 1e+38 0 1 1e+38 1e+38 1e+38 1e+38 1e+38 99.6303 1e+38 1e+38 47.3664 97.762 1e+38 1e+38 50.8496 74.1372 1e+38 1e+38 1e+38 1e+38 1e+38 1e+38 1e+38 1e+38 83.7751 
1e+38 1e+38 1e+38 1e+38 1e+38 27.7334 1e+38 1e+38 1e+38 1e+38 1e+38 1e+38 1e+38 1e+38 1e+38 1.74417 35.3446 64.3631 1e+38 1e+38 1e+38 62.8335 85.1205 1e+38 1e+38 83.2895 0 1 1e+38 1e+38 66.6906 1e+38 1e+38 1e+38 1e+38 1e+38 1e+38 1e+38 1e+38 1e+38 1e+38 1e+38 1e+38 1e+38 1e+38 1e+38 1e+38 1e+38 1e+38 26.547 
1e+38 1e+38 1e+38 1e+38 1e+38 75.9165 1e+38 19.7686 58.8321 1e+38 1e+38 1e+38 1e+38 1e+38 1e+38 81.9852 1e+38 1e+38 45.617 1e+38 8.20836 1e+38 7.53336 1e+38 98.2217 17.2355 0.56634 0 1 94.4091 1e+38 1e+38 1e+38 1e+38 61.086 1e+38 1e+38 1e+38 1e+38 1e+38 1e+38 25.2088 1e+38 1e+38 1e+38 1e+38 65.1357 34.5442 1e+38 10.7528 
1e+38 1e+38 72.868 27.887 1e+38 1e+38 1e+38 1e+38 1e+38 1e+38 1e+38 1e+38 1e+38 1e+38 1e+38 37.6145 1e+38 1e+38 1e+38 64.5416 1e+38 1e+38 1e+38 1e+38 99.2462 71.861 1e+38 64.382 0 1 1e+38 26.7588 1e+38 1e+38 1e+38 42.588 1e+38 99.7682 1e+38 26.2546 7.17284 1e+38 1e+38 1e+38 1e+38 1e+38 1e+38 1e+38 67.5165 95.2679 
1e+38 1e+38 1e+38 1e+38 1e+38 10.6099 1e+38 1e+38 1e+38 1e+38 1e+38 1e+38 18.894 1e+38 1e+38 1e+38 70.6724 17.2217 1e+38 1e+38 1e+38 1e+38 38.8717 1e+38 1e+38 62.3566 1e+38 1e+38 1e+38 0 1 1e+38 1e+38 92.1295 1e+38 1e+38 1e+38 1e+38 40.2297 1e+38 1e+38 1e+38 27.8577 1e+38 1e+38 1e+38 30.2211 1e+38 43.2087 3.52914 
96.2529 1e+38 1e+38 1e+38 1e+38 48.1921 97.4812 83.5281 1e+38 1e+38 8.37532 1e+38 1e+38 1e+38 1e+38 25.3896 1e+38 1e+38 1e+38 1e+38 1e+38 8.82893 13.6065 1e+38 1e+38 96.3886 1e+38 1e+38 1e+38 1e+38 0 1 70.7942 1e+38 1e+38 1e+38 1e+38 1e+38 80.5198 1e+38 98.1168 1e+38 1e+38 1e+38 1e+38 1e+38 1e+38 1e+38 1e+38 60.0158 
1e+38 1e+38 1e+38 17.2756 1e+38 1e+38 1e+38 38.3888 1e+38 1e+38 1e+38 29.3469 1e+38 1e+38 1e+38 1e+38 90.2841 1e+38 1e+38 1e+38 1e+38 1e+38 1e+38 1e+38 1e+38 1e+38 75.0354 1e+38 1e+38 70.5542 1e+38 0 1 1e+38 1e+38 1e+38 1e+38 1e+38 89.0058 1e+38 1e+38 1e+38 1e+38 38.2603 1e+38 1e+38 1e+38 95.0804 99.5478 98.6101 
65.8843 1e+38 66.2528 1e+38 1e+38 97.48 1e+38 1e+38 17.6814 41.9045 1e+38 1e+38 1e+38 1e+38 1e+38 1e+38 46.9573 30.3773 92.7493 1e+38 1e+38 21.4062 1e+38 1e+38 1e+38 1e+38 1e+38 88.7509 1e+38 1e+38 1e+38 13.228 0 1 1e+38 1e+38 1e+38 1e+38 1e+38 1e+38 1e+38 1e+38 1e+38 1e+38 1e+38 1e+38 1e+38 7.31534 1e+38 88.5427 
1e+38 1e+38 1e+38 1e+38 74.6226 1e+38 43.0089 1e+38 1e+38 90.3526 1e+38 1e+38 1e+38 1e+38 1e+38 1e+38 1e+38 1e+38 1e+38 1e+38 1e+38 84.6465 1e+38 1e+38 52.8402 1e+38 1e+38 48.6337 9.73936 1e+38 1e+38 1e+38 1e+38 0 1 6.04369 16.7406 1e+38 22.8646 75.1069 1e+38 1e+38 1e+38 1e+38 90.5251 20.1752 23.0975 47.7673 70.61 15.6644 
25.8157 1e+38 1e+38 1e+38 1e+38 1e+38 70.3057 1e+38 1e+38 1e+38 1e+38 38.9611 1e+38 1e+38 1e+38 1e+38 1e+38 2.82695 1e+38 1e+38 1e+38 1e+38 1e+38 1e+38 1e+38 1e+38 1e+38 1e+38 98.8044 89.5532 60.1909 24.62 1e+38 1e+38 0 1 1e+38 1e+38 1e+38 1e+38 42.8524 49.0498 54.3989 1e+38 1e+38 1e+38 1e+38 1e+38 1e+38 16.3401 
34.5181 1e+38 1e+38 1e+38 1e+38 1e+38 1e+38 38.9571 1e+38 1e+38 28.5102 1e+38 1e+38 1e+38 1e+38 1e+38 1e+38 57.3647 24.8004 1e+38 1e+38 1e+38 1e+38 27.2013 1e+38 41.5311 1e+38 1e+38 1e+38 1e+38 1e+38 31.487 1e+38 69.7133 1e+38 0 1 72.584 1e+38 71.2249 1e+38 19.726 1e+38 86.9468 27.6095 1e+38 1e+38 1e+38 1e+38 73.7403 
1e+38 1e+38 1e+38 1e+38 1e+38 1e+38 67.6698 23.2017 1e+38 1e+38 1e+38 1e+38 96.1256 66.4451 1e+38 22.6426 1e+38 1e+38 1e+38 1e+38 83.0647 1e+38 1e+38 1e+38 99.6289 1e+38 1e+38 1e+38 1e+38 91.1575 1e+38 1e+38 19.4713 1e+38 57.7929 74.9865 0 1 1e+38 29.9345 1e+38 32.3885 1e+38 1e+38 98.8336 1e+38 8.86947 17.5372 1e+38 4.09613 
1e+38 82.3937 1e+38 1e+38 1e+38 16.4071 1e+38 1e+38 1e+38 1e+38 1e+38 1e+38 1e+38 1e+38 1e+38 1e+38 1e+38 1e+38 1e+38 1e+38 29.5856 1e+38 1e+38 1e+38 1e+38 1e+38 1e+38 62.2889 1e+38 1e+38 1e+38 15.5588 22.6526 1e+38 1e+38 1e+38 1e+38 0 1 64.5464 1e+38 1e+38 51.8315 1e+38 1e+38 1e+38 1e+38 1e+38 1e+38 71.7551 
1e+38 1e+38 38.9477 1e+38 1e+38 1e+38 1e+38 1e+38 1e+38 1e+38 1e+38 1e+38 1e+38 1e+38 1e+38 1e+38 1e+38 1e+38 1e+38 29.969 1e+38 1e+38 74.7512 1e+38 1e+38 1e+38 1e+38 83.9819 37.8072 1e+38 1e+38 1e+38 57.4973 1e+38 1e+38 42.9937 1e+38 26.1798 0 1 1e+38 36.1054 62.749 85.4324 25.4432 1e+38 1e+38 1e+38 70.7283 92.5829 
1e+38 39.0495 1e+38 1e+38 1e+38 1e+38 1e+38 1e+38 1e+38 1e+38 1e+38 1e+38 1e+38 1e+38 1e+38 7.24681 1e+38 1e+38 33.4266 1e+38 1e+38 81.4533 1e+38 1e+38 1e+38 1e+38 21.05 1e+38 1e+38 1e+38 1e+38 1e+38 1e+38 1e+38 1e+38 90.0299 1e+38 1e+38 1e+38 0 1 1e+38 1e+38 1e+38 44.9318 64.6754 1e+38 1e+38 1e+38 34.5352 
30.5646 1e+38 1e+38 1e+38 1e+38 1e+38 83.2715 1e+38 45.2588 1e+38 1e+38 1e+38 1e+38 3.41545 94.0601 1e+38 93.4454 1e+38 1e+38 65.649 1e+38 81.6602 45.4681 1e+38 1e+38 90.3999 1e+38 1e+38 1e+38 1e+38 11.1656 1e+38 1e+38 27.1541 1e+38 1e+38 1e+38 1e+38 77.572 1e+38 0 1 55.5135 1e+38 1e+38 1e+38 53.6315 1e+38 1e+38 56.2416 
1e+38 1e+38 1e+38 1e+38 68.264 1e+38 48.5376 1e+38 1e+38 1e+38 1e+38 1e+38 1e+38 53.6329 1e+38 1e+38 50.3955 1e+38 1e+38 1e+38 1e+38 1e+38 78.1271 1e+38 1e+38 31.7022 98.7763 64.9392 1e+38 1e+38 1e+38 1e+38 1e+38 1e+38 1e+38 1e+38 1e+38 98.0673 1e+38 62.5603 1e+38 0 1 1e+38 1e+38 1e+38 40.199 1e+38 1e+38 25.8473 
1e+38 1e+38 1e+38 1e+38 1e+38 1e+38 1e+38 1e+38 1e+38 1e+38 1e+38 1e+38 1e+38 1e+38 1e+38 11.9947 1e+38 1e+38 1e+38 1e+38 1e+38 1e+38 1e+38 47.9963 1e+38 1e+38 1e+38 1e+38 8.73231 70.706 1e+38 1e+38 1e+38 14.8123 51.9013 1e+38 18.7595 1e+38 40.6232 87.646 1e+38 1e+38 0 1 94.2697 1e+38 1e+38 1e+38 1e+38 99.8461 
1e+38 1e+38 1e+38 1e+38 1e+38 56.0776 1e+38 20.8817 1e+38 1e+38 1e+38 1e+38 1e+38 86.5389 1e+38 15.4522 1e+38 1e+38 1e+38 1e+38 1e+38 75.0279 1e+38 1e+38 1e+38 1e+38 1e+38 42.6013 26.9764 1e+38 1e+38 1e+38 1e+38 1e+38 1e+38 1e+38 98.4762 1e+38 1e+38 1e+38 1e+38 74.8246 1e+38 0 1 1e+38 1e+38 1e+38 1e+38 70.2983 
1e+38 1e+38 1e+38 1e+38 1e+38 98.1435 1e+38 1e+38 1e+38 1e+38 1e+38 1e+38 65.1242 1e+38 25.5909 1e+38 1e+38 1e+38 1e+38 68.7647 1e+38 1e+38 1e+38 1e+38 1e+38 1e+38 1e+38 1e+38 1e+38 38.2349 1e+38 1e+38 57.0189 1e+38 1e+38 49.3096 1e+38 69.622 1e+38 1e+38 1e+38 1e+38 1e+38 1e+38 0 1 74.3811 1e+38 44.8391 94.5279 
60.9836 1e+38 1e+38 1e+38 1e+38 93.1475 1e+38 35.4312 1e+38 1e+38 1e+38 1e+38 1e+38 1e+38 51.4978 1e+38 79.9945 1e+38 1e+38 1e+38 1e+38 1e+38 1e+38 1e+38 1e+38 1e+38 1e+38 1e+38 1e+38 1e+38 1e+38 1e+38 15.3082 1e+38 1e+38 1e+38 1e+38 1e+38 1e+38 1e+38 10.2559 1e+38 1e+38 1e+38 1e+38 0 1 1e+38 1e+38 7.20206 
1e+38 1e+38 1e+38 1e+38 1e+38 1e+38 1e+38 1e+38 1e+38 1e+38 1e+38 1e+38 64.6641 1e+38 18.478 1e+38 86.5026 1e+38 14.0898 1e+38 12.2828 1e+38 1e+38 62.8943 1e+38 1e+38 65.0036 1e+38 1e+38 1e+38 61.5673 9.80713 49.4363 1e+38 1e+38 38.9294 1e+38 1e+38 1e+38 1e+38 1e+38 1e+38 1e+38 1e+38 1e+38 1e+38 0 1 1e+38 0.0755818 
9.74465 1e+38 24.4212 1e+38 1e+38 22.92 1e+38 1e+38 1e+38 21.6356 1e+38 1e+38 31.4427 24.6293 1e+38 23.9694 63.5587 1e+38 1e+38 1e+38 1e+38 98.0975 1e+38 79.2672 49.4692 23.2834 84.3563 35.455 1e+38 1e+38 1e+38 1e+38 1e+38 1e+38 1e+38 1e+38 1e+38 86.1746 1e+38 60.157 7.81018 1e+38 1e+38 1e+38 1e+38 1e+38 63.2223 0 1 74.6121 
1e+38 1e+38 1e+38 56.1441 1e+38 1e+38 79.4275 1e+38 1e+38 55.0265 1e+38 1e+38 1e+38 1e+38 1e+38 1e+38 1e+38 35.988 1e+38 1e+38 96.145 1e+38 1e+38 1e+38 1e+38 1e+38 1.52574 1e+38 1e+38 1e+38 1e+38 90.0704 99.0835 1e+38 1e+38 73.4576 1e+38 1e+38 1e+38 1e+38 1e+38 1e+38 54.2385 1e+38 1e+38 1e+38 1e+38 78.1199 0 1 
1 39.4877 13.6379 96.1736 34.6424 84.3555 31.5611 36.1681 18.2954 22.9577 40.1447 26.8474 13.0281 39.2282 8.10898 59.2426 12.6857 11.5493 84.8846 44.8737 72.6235 65.5532 65.306 26.862 86.592 60.9374 34.2167 45.1106 39.0572 77.5594 27.2838 92.2935 17.0472 40.9217 88.4671 51.6895 25.2772 20.0282 87.8576 43.5726 42.9859 28.0023 70.42 56.0139 67.2305 78.529 15.2565 79.9163 90.0783 0 
