25
0 1 41.456 9.60181 79.3839 14.0463 55.7669 14.0855 15.2557 25.739 3.74175 1e+38 76.2245 73.6112 46.7906 65.2012 78.7205 18.3381 0.59649 78.8121 4.30848 36.8391 44.3902 27.5835 35.8977 
36.8499 0 1 38.9724 97.5875 83.8149 1e+38 48.5223 25.2709 3.26415 27.9063 39.3172 59.0311 1e+38 54.5729 84.7701 45.7335 62.7307 60.9946 19.3447 9.5213 26.1957 98.0652 1e+38 26.7922 
76.8773 1e+38 0 1 1e+38 1e+38 58.1174 33.3879 1.0498 97.0898 30.9753 84.8647 1e+38 1e+38 10.1356 94.0162 7.4039 1e+38 53.0473 49.3957 4.02577 37.8174 95.1292 66.7564 98.8119 
1e+38 76.2777 25.0077 0 1 51.7999 89.4164 36.3051 15.4312 10.6839 96.0565 1e+38 68.8012 29.4444 16.0101 1e+38 60.4197 0.874765 56.6431 1e+38 11.0104 50.6593 1e+38 60.4632 3.70661 
96.7169 64.489 41.524 91.8461 0 1 1e+38 7.52315 65.3435 18.8592 11.6603 17.1434 8.27557 47.9654 32.5746 18.9594 1e+38 47.5349 1e+38 73.4662 63.545 53.6516 33.8859 64.4197 10.2947 
73.8033 75.4301 1e+38 21.1245 35.8933 0 1 0.382317 6.18463 9.68759 31.6277 46.5205 16.0077 39.1509 11.864 34.8668 50.8112 29.0075 43.1424 98.7766 61.5821 62.1018 42.7985 1e+38 49.8625 
16.2647 72.662 3.51414 50.1506 37.0817 13.8089 0 1 74.7629 45.0784 48.4052 39.4236 1e+38 48.7875 45.6082 72.6074 80.4152 92.1287 88.6151 19.5661 3.99274 23.4819 1e+38 33.0002 66.6243 
69.1539 94.5823 28.7261 11.9524 3.69933 78.5886 28.217 0 1 78.3676 13.443 95.9116 2.32152 25.9548 70.6745 47.3999 1e+38 10.0981 10.3197 23.1475 55.7062 82.9271 3.56268 47.8349 71.5422 
23.1288 51.8277 95.0241 93.5061 84.8279 61.6484 62.66 79.4102 0 1 83.1095 68.9631 2.8294 59.4708 51.0659 81.197 72.9138 46.9775 83.5186 98.8687 17.652 30.9185 73.2287 27.7501 41.2382 
96.3761 83.4563 24.1653 99.9388 31.2912 95.7076 23.0676 83.1189 90.7317 0 1 52.3801 79.2337 47.357 42.7546 53.846 30.4665 11.7178 56.6754 89.9373 62.7837 37.8725 62.8512 9.76116 21.391 
61.7199 1e+38 52.3095 34.9485 1e+38 93.5477 31.3247 38.6195 17.713 31.2635 0 1 54.3311 53.0297 4.15226 70.9048 20.9765 56.5324 1e+38 68.3335 99.287 3.98448 98.8 11.0048 60.6599 
88.7373 73.7885 98.5324 51.5885 83.5496 1e+38 1e+38 10.9628 72.2329 48.2569 66.126 0 1 4.74553 83.4936 10.8451 74.6563 96.9142 65.1762 27.686 1.06642 36.081 48.6625 57.5988 86.2195 
16.996 56.8858 1e+38 15.796 1e+38 50.8639 4.53332 1e+38 49.3963 56.1219 25.2287 69.3196 0 1 41.5525 1e+38 2.31746 7.3331 97.2688 7.06299 90.8267 8.11397 81.7193 87.7408 73.2902 
9.40529 88.8072 9.37124 58.0678 46.406 95.5907 75.0637 3.29182 85.7947 90.8597 71.1824 36.6586 95.393 0 1 51.5149 38.0901 55.3745 20.9451 74.2816 96.927 1e+38 76.599 4.26011 35.9012 
83.662 95.0868 44.0151 1e+38 1e+38 17.3054 74.7866 71.6349 26.6766 32.8544 1e+38 22.2673 7.91813 21.3327 0 1 92.5151 44.7206 1e+38 5.37657 30.7754 45.6857 43.4667 86.1499 66.6309 
17.7483 83.0769 5.26322 94.3473 87.3371 41.1644 78.0093 82.4239 85.1795 43.3907 65.2515 2.4849 18.1773 36.8863 29.1615 0 1 1e+38 58.9498 76.2599 59.4909 1e+38 68.775 4.21148 51.8985 
74.1516 34.9869 97.5842 17.6183 21.1369 64.2151 35.3666 4.21381 69.4783 29.7139 91.5509 10.6427 7.72323 73.9747 95.8222 51.1139 0 1 69.2912 76.1125 1e+38 20.3228 31.0397 78.8975 79.2726 
7.29966 38.3883 37.0003 76.0747 42.5998 88.8988 1e+38 77.5868 86.483 67.8446 98.7236 50.6981 3.21123 2.93743 20.1764 32.9251 1e+38 0 1 68.463 26.6414 91.7623 7.68923 24.9485 61.0534 
83.8017 52.4172 81.3763 14.8415 31.3146 60.6489 1e+38 1e+38 1e+38 98.2159 12.3028 86.5479 48.4422 89.8895 73.0309 16.2868 88.6132 23.729 0 1 43.9054 52.4232 86.0389 74.7245 93.0716 
54.502 1.36588 84.8338 62.1912 26.3144 45.8872 45.9929 78.7315 27.2635 60.8344 10.0462 87.9124 82.9756 79.7491 85.5616 81.1914 92.0519 72.1095 29.6336 0 1 45.9204 70.5547 1e+38 65.4185 
62.1053 12.7747 17.8417 48.1442 87.4993 10.9132 2.64612 1e+38 1e+38 64.8373 15.1795 41.6343 10.8302 93.9111 68.8978 71.6646 3.95723 56.8102 54.6402 83.7064 0 1 1e+38 14.4812 65.4652 
57.6998 59.6216 11.3856 28.2544 28.491 76.8041 90.3597 1e+38 94.6458 38.5039 1e+38 5.55898 41.15 17.6301 1e+38 5.98729 32.8096 42.9403 16.8175 26.7207 1e+38 0 1 1e+38 43.1223 
14.3843 11.02 78.9539 90.1426 25.5013 44.4191 47.8424 85.1229 55.8047 1e+38 13.6139 32.6088 66.4565 54.8796 27.2546 4.96034 83.6446 1e+38 46.1103 1.27469 1e+38 52.0976 0 1 68.9151 
60.805 88.8979 57.3973 91.4829 1e+38 0.519622 5.86715 68.5662 79.4736 96.0097 94.0675 23.8927 43.8521 1e+38 79.6974 19.9489 92.8043 12.3062 86.4053 1e+38 39.5608 91.3657 1e+38 0 1 
1 6.49392 89.5736 66.6875 83.5538 58.4887 27.4925 72.4517 15.886 18.9754 29.9979 16.4056 24.8426 98.5642 95.8792 20.8523 92.6317 19.7719 64.7044 71.8221 99.4693 84.6532 64.6265 11.7755 0 
