50
0 1 72.3422 42.421 73.6265 86.8701 42.8192 1e+38 46.6921 35.3226 1e+38 25.412 67.6666 30.2643 97.2312 62.7045 48.6558 1e+38 71.7308 47.126 13.4059 19.3943 1e+38 66.9446 11.3659 1e+38 47.3334 24.0233 51.8585 82.2637 48.8949 43.0735 1e+38 21.237 85.4945 98.826 8.10711 28.3137 93.4291 54.7992 63.6362 99.3426 1e+38 31.3028 29.607 77.4425 1e+38 78.2628 73.7497 65.7381 
25.3888 0 1 92.6111 54.1001 96.4983 30.4392 1e+38 20.5216 82.2977 83.6973 69.4165 25.3711 8.89675 1e+38 10.8656 7.72272 98.7606 39.1793 1.15178 53.5598 2.81553 0.494403 1e+38 34.1183 30.1014 11.2135 28.1256 1e+38 84.9632 93.8637 33.753 72.1187 78.9961 26.364 26.2189 75.4944 56.8032 27.6524 1e+38 39.1009 11.3497 1e+38 1e+38 20.2464 1e+38 75.3376 27.9692 54.8466 14.5169 
29.1209 8.40646 0 1 42.1775 51.4508 1e+38 53.391 79.5764 68.0809 38.3542 1e+38 1.83383 1e+38 52.4362 28.1979 36.6918 1e+38 85.001 64.3442 1e+38 24.1019 75.6939 89.3792 88.5739 95.9404 45.4653 63.9116 23.9095 0.31189 78.4285 53.0305 8.71835 95.7609 82.6458 1e+38 47.2117 42.3625 4.28688 26.7881 10.4433 1e+38 0.22826 12.2772 53.114 52.6645 40.475 89.8058 80.5952 25.4761 
54.1501 4.54191 49.578 0 1 38.1519 25.7843 39.3864 2.0635 49.6939 1e+38 80.492 2.72431 48.4166 76.2529 85.3701 1e+38 23.4646 27.7326 3.59937 50.2528 1e+38 46.2405 50.481 50.4531 99.3545 3.14553 90.9281 89.1603 83.7407 16.4042 43.3104 88.2826 65.9822 73.1544 82.2038 4.13415 1e+38 21.5902 6.19765 48.6326 61.2885 86.6896 51.3569 9.70511 62.9426 36.7271 9.01761 86.4072 64.4596 
12.617 36.66 2.6356 58.8575 0 1 58.2119 90.2865 44.0169 47.3723 74.0273 60.4211 90.6827 62.3099 26.4033 63.8371 44.5136 30.5375 62.7759 66.1038 36.7351 11.4085 27.3923 23.4247 62.7655 37.0974 86.3673 99.4925 46.115 72.7745 63.9522 58.732 9.43445 1e+38 17.5894 96.5755 19.6765 75.8014 86.862 63.6934 23.1737 1e+38 24.1144 1e+38 23.1991 50.5177 77.6935 67.7128 81.0552 40.4695 
33.8166 1e+38 51.878 61.2088 41.215 0 1 27.5823 1e+38 1e+38 0.356791 78.0882 3.15321 1e+38 44.676 20.7426 6.3667 64.3525 96.544 93.2287 28.0458 19.7177 54.118 52.1603 33.5741 77.3171 2.67801 11.2676 45.0299 83.7332 51.7371 78.8464 1.5235 3.61509 40.0553 42.7385 18.2586 38.3615 70.3208 32.3946 82.7827 70.6776 1e+38 85.9359 80.4689 55.1587 6.67856 86.8356 19.5112 3.22258 
80.0643 47.557 22.9403 1e+38 99.7173 56.5144 0 1 67.782 56.5292 1e+38 19.5191 35.3756 87.652 23.1342 75.4309 30.3905 41.3928 13.7924 0.711373 73.7874 96.5751 71.389 84.2701 82.511 51.8579 39.4289 89.1896 38.6934 58.9401 92.4122 18.7577 6.49711 15.3524 52.94 6.21441 71.8668 64.4393 1e+38 39.6488 20.9685 94.7382 59.168 56.3441 82.3903 82.3022 31.775 12.7808 23.695 45.5674 
13.4922 97.4823 42.1425 84.8812 81.7524 1e+38 36.739 0 1 75.4325 1e+38 6.25522 94.1902 86.6185 21.6077 47.1302 92.8329 93.4745 11.5695 1.44262 33.1233 32.538 96.1809 92.2913 88.8821 78.5711 74.5935 20.6571 91.3519 98.2884 66.2245 4.84405 95.7707 8.36697 89.7252 77.5232 33.0205 26.4642 98.7045 46.8635 1.89672 78.8258 53.1188 96.0869 65.4443 74.7264 43.2171 58.2772 68.2009 54.7865 
59.7198 1.32421 87.3245 55.9007 1e+38 76.2066 1e+38 68.209 0 1 66.4974 63.0882 30.6677 62.2681 71.4551 20.3929 39.7913 4.4756 46.8572 38.4957 51.3391 48.7539 17.3216 4.4579 44.8408 82.7659 79.1843 88.0579 1e+38 47.3852 42.8444 0.762872 1e+38 30.1689 56.6635 42.3249 6.37543 91.1353 10.5339 1e+38 16.959 77.0313 66.3273 47.6267 39.2994 37.7824 68.0196 79.0906 42.258 14.8768 
17.5864 93.5971 63.6306 34.9079 98.055 8.47144 17.6738 77.2393 96.5293 0 1 39.3737 59.4797 73.334 69.5425 16.1433 15.6589 75.918 1e+38 26.1928 79.1571 24.2375 3.22406 45.4843 71.8642 42.5234 83.2667 39.8838 21.6141 25.5247 1e+38 39.2004 19.1218 1e+38 74.1084 17.1768 1e+38 91.7821 94.4162 23.392 50.499 1e+38 62.7656 9.97873 92.3747 32.3082 26.122 8.03364 1e+38 33.4006 
34.2264 1e+38 57.6381 37.4505 32.8675 29.5023 79.9739 16.1342 69.3862 1.58798 0 1 40.7884 60.7807 42.538 14.8968 77.9575 69.4007 6.67891 72.3737 92.7927 57.1779 91.4144 55.5583 1e+38 83.7891 87.8665 93.2786 91.8228 96.0927 26.6792 26.0492 83.4759 1e+38 1e+38 16.3434 13.8196 43.4736 32.4776 83.2058 45.0616 74.1365 7.35258 85.85 34.9171 49.8906 0.746776 12.8746 19.2913 7.42569 
85.2483 12.084 64.6036 1e+38 67.6423 31.7602 60.4518 55.5088 25.0389 52.2746 51.6015 0 1 35.0774 36.0354 41.8235 51.4207 49.855 85.2971 1e+38 33.0608 30.3587 58.0348 40.4134 16.2087 92.9519 90.304 16.9555 5.82656 9.59528 24.3812 91.0749 21.6793 88.9848 67.7376 89.3216 20.745 28.1894 44.8304 45.7839 80.464 96.4319 97.5019 58.7877 31.5093 33.5373 0.611182 82.93 1e+38 85.9083 
1e+38 16.4531 16.2669 24.8631 56.8665 32.4756 17.815 47.1705 49.4311 23.6415 56.7658 73.8122 0 1 62.797 82.454 67.7666 1e+38 10.6434 1e+38 29.3259 91.1073 9.029 26.8278 49.895 1e+38 60.3651 1e+38 23.4683 43.7574 36.4145 90.2966 60.2105 52.6814 1e+38 17.077 85.157 32.9746 64.2475 34.5881 1e+38 1e+38 8.40038 71.3325 1e+38 71.1974 53.7865 67.225 54.7394 64.4298 
79.8221 1e+38 55.5371 88.8511 10.893 5.43215 29.3894 71.2581 55.9384 52.8576 15.0155 92.3528 43.1542 0 1 58.3139 92.303 30.1913 91.2884 56.5506 64.7794 47.9046 77.5639 73.1798 19.237 77.0222 44.3772 73.0235 44.2472 99.1166 37.4533 24.0693 1e+38 92.9904 12.9204 94.0748 98.4226 1e+38 65.3329 54.3609 95.1674 1e+38 46.7138 38.3216 1e+38 91.7481 96.6354 47.8775 21.9394 87.9239 
4.42803 86.7188 35.8285 81.9919 59.8986 55.0655 1e+38 4.27582 28.089 3.2613 3.39241 65.5423 27.3306 86.5742 0 1 80.6491 56.9553 82.5607 45.982 11.3163 77.728 26.3305 1e+38 16.0496 81.9049 49.7781 12.6851 29.7824 71.7174 0.60897 34.2104 58.4362 36.4374 16.2023 1e+38 1e+38 75.2164 22.6107 19.5919 78.4777 26.0031 85.1342 5.80827 12.5773 43.667 46.0592 1e+38 0.622282 28.6199 
39.2084 11.9385 6.34791 65.5389 69.9686 22.3975 47.4438 19.7467 35.0826 1e+38 91.4641 35.6916 1e+38 49.9004 1e+38 0 1 63.6319 2.85527 90.8459 1e+38 81.333 16.849 68.3581 87.1412 29.4263 12.0251 33.2004 22.6526 12.6473 61.8203 1e+38 24.5859 68.1682 27.3999 94.5545 90.5657 74.8437 14.3011 25.6484 52.0698 5.76527 61.3399 63.5064 55.6656 33.4689 91.1453 23.9008 97.1009 94.0005 
14.7467 80.3247 75.3335 31.5957 48.6828 62.4747 61.0219 60.7079 95.6752 83.6745 73.3552 57.4955 45.5356 1e+38 25.6637 72.9354 0 1 1e+38 6.79667 41.8778 99.8489 1e+38 3.2177 63.3553 68.2276 36.6866 54.5006 92.1284 33.7875 48.5011 6.87513 1e+38 23.8346 38.4708 62.795 86.3094 99.4927 23.5029 81.9845 83.1673 96.8581 39.48 28.7028 94.7991 65.1436 1.63828 87.2947 1e+38 49.4174 
94.0913 1e+38 49.2663 6.65328 26.4685 1e+38 74.8809 63.1552 67.1222 1e+38 96.9427 15.6233 73.8844 11.0549 39.458 1e+38 73.8499 0 1 97.3527 7.75187 95.0152 1e+38 47.2318 23.718 89.0099 12.3755 25.3563 76.3046 93.7485 74.7737 70.396 1e+38 24.04 77.0492 1e+38 1e+38 1e+38 6.623 3.7838 18.9394 3.56566 1e+38 1e+38 14.6205 58.8651 5.17897 88.4704 84.6325 17.0269 
85.8232 92.3843 12.0421 80.034 39.6162 35.7601 1e+38 51.9917 61.1164 45.3485 45.7402 1e+38 15.7445 62.7395 59.9301 92.7937 6.20737 96.5917 0 1 0.375507 63.6632 16.396 19.7827 56.487 31.0166 78.6478 61.6659 19.487 63.2802 78.6928 5.31014 1e+38 90.7349 85.3441 95.2807 26.495 54.388 47.2724 87.6115 99.7366 93.0126 23.5016 15.4811 55.7521 83.4317 8.27482 61.9595 80.0234 52.9987 
74.7899 1e+38 16.6619 91.1859 1e+38 73.1488 22.2025 78.8293 34.8148 41.6894 42.1095 13.5076 46.9996 97.7741 1e+38 32.3437 93.0549 30.7376 86.7317 0 1 86.4683 33.3398 41.8506 1.94938 89.092 1e+38 10.2242 51.0514 5.30566 63.2229 25.8413 85.7045 79.8847 17.0272 85.8861 53.0336 39.2297 64.7154 87.8484 80.9191 6.8249 1.35602 27.9187 4.59901 5.59858 60.2624 97.6539 1e+38 46.9941 
37.9811 54.6852 33.4624 71.321 96.5359 35.4118 60.4129 1e+38 45.636 11.4644 27.1238 8.85884 37.3057 12.8284 88.7436 54.3329 98.7144 41.7771 93.5625 63.4298 0 1 70.2547 30.9815 2.40028 74.8537 36.5801 62.6626 72.5076 72.9163 9.65674 10.4887 27.6016 43.1191 81.8097 24.1374 78.5309 42.2226 45.9556 24.1669 53.687 73.0794 33.0257 90.9927 85.9078 21.7693 45.3255 84.6222 63.5464 38.888 
48.052 93.172 13.3696 1e+38 24.1535 15.7699 93.1604 60.7336 78.4326 65.6679 33.6499 88.0893 1e+38 61.2515 31.2084 57.9663 85.3889 9.73937 0.188968 31.3445 33.9063 0 1 66.932 44.8686 90.3317 88.7013 90.1942 1e+38 52.2478 29.0822 23.0059 45.4197 42.4518 41.3126 69.5732 58.2217 34.4729 30.3068 36.6543 0.140867 63.9568 24.7436 76.2975 25.2082 55.952 34.2638 10.5971 65.6914 34.4528 
41.9416 99.5977 88.3288 46.3655 66.5297 33.1974 36.6972 55.231 23.3916 11.6512 7.47878 52.4738 34.6571 52.8985 94.9256 75.9696 22.4717 53.1474 10.4426 52.7786 89.8017 10.5834 0 1 86.8809 1e+38 70.4973 1e+38 52.5407 1e+38 1e+38 94.4823 35.7864 43.9264 40.8478 1e+38 77.1238 77.5451 57.5471 0.515406 89.1962 1e+38 52.9892 23.8533 17.9244 47.9148 99.8229 40.3961 1.06221 10.2655 
93.1747 1e+38 20.8489 9.91 5.40915 7.72984 51.8535 75.9065 1e+38 4.39418 12.0952 84.4722 98.8765 47.8816 28.3986 39.7243 1e+38 5.52241 17.2693 7.74492 6.03781 6.46552 72.7708 0 1 90.6953 6.94185 30.1417 31.0914 8.00406 40.4072 24.2661 98.8679 61.2561 1e+38 4.27709 68.9859 86.0296 80.1836 97.8605 90.4238 92.2788 82.3327 89.3003 40.1604 10.7313 29.0245 90.3582 16.2538 46.2938 
98.1031 22.2916 1e+38 70.8739 1e+38 1e+38 61.5692 88.2604 13.2198 92.6606 96.2645 53.627 16.9267 1e+38 14.8831 51.1028 99.4095 83.869 37.1324 79.5931 81.7295 27.5562 71.8718 64.0623 0 1 74.7936 45.881 2.39039 91.0474 92.1748 0.493473 13.3389 44.9342 71.3674 1e+38 28.0123 32.9366 1e+38 41.2322 25.5972 1e+38 94.8592 42.5238 74.3149 9.74224 93.6266 73.7244 93.6112 30.759 
53.3174 75.3407 58.3152 25.1893 39.403 75.1717 37.2215 1e+38 21.0526 39.6119 5.24397 13.2274 40.1054 1e+38 58.1616 11.4728 13.2404 86.1739 44.4093 96.1584 27.4061 70.0065 1e+38 1e+38 12.5303 0 1 6.15694 23.38 1e+38 36.916 76.6975 0.959447 95.2312 1.88675 1e+38 70.4028 39.1083 54.5591 91.4555 78.7202 59.803 4.68292 1e+38 78.3859 62.8445 30.2983 91.6263 49.0184 74.7076 
87.7847 76.4245 44.7141 1e+38 98.6897 57.2445 12.7812 30.6972 63.4014 36.1612 56.3159 0.317359 12.8587 57.2754 95.5485 14.7454 97.6378 65.9514 53.8537 52.1969 57.4068 32.5738 1e+38 62.0897 51.3994 1e+38 0 1 82.0122 73.9527 56.4053 1e+38 50.3772 1.11942 32.9224 49.067 58.3639 45.7036 1e+38 1e+38 81.8647 36.0801 22.0827 94.7234 93.3555 17.6312 9.46881 90.9933 83.5825 63.3225 
43.1902 40.9894 1e+38 55.1901 1e+38 1e+38 45.576 1e+38 28.9933 27.5882 1e+38 85.3986 97.3851 1e+38 86.518 30.3075 1.41026 44.8819 76.0111 81.1744 66.6472 57.8758 17.2546 88.7299 52.5992 1e+38 1e+38 0 1 1e+38 25.3905 1e+38 1e+38 1e+38 99.9838 34.012 68.5825 45.5598 62.0254 1e+38 73.148 63.9915 82.9744 70.5331 16.3348 69.4925 0.840636 1e+38 14.3744 76.8517 
98.9195 81.0216 34.7276 1e+38 69.7514 87.3268 26.7841 76.1125 1e+38 28.3875 66.056 74.7854 73.1811 96.989 96.0723 73.1649 31.001 64.6548 18.7246 93.0264 62.2306 91.8726 57.0179 45.205 62.4057 73.3526 14.6975 63.2463 0 1 40.0981 90.0171 10.0934 74.8256 6.19119 79.8449 62.1525 32.9753 55.9573 11.5474 61.3628 22.0134 1e+38 34.5439 19.0023 82.4051 7.70876 1e+38 47.0598 26.4334 
43.0297 9.29037 18.306 0.0475558 54.4954 80.7116 73.4002 69.1928 43.9579 64.4978 98.2647 1e+38 54.515 8.35808 58.8816 60.7062 88.2029 21.0341 93.6815 44.1603 32.5815 55.0443 1e+38 18.9143 89.5882 85.176 1.31933 97.2969 35.1794 0 1 78.2091 57.6695 42.0363 78.2566 12.1649 22.7479 51.6568 81.3577 66.7058 16.1547 79.6224 50.7618 70.6697 87.9804 9.64345 31.3758 76.1834 30.6776 25.0573 
20.3437 63.2591 80.1016 86.5174 82.1733 69.6898 71.6934 83.4927 1e+38 6.87278 31.8718 90.717 1e+38 89.5413 32.7532 63.3385 1e+38 55.5011 14.9953 83.0639 22.2069 31.1499 62.6863 72.9688 1.8196 50.6667 82.6122 33.1954 26.8501 13.2898 0 1 76.5488 38.3543 33.7112 1e+38 8.04409 5.4046 42.2148 75.0308 12.2774 74.0866 65.7478 97.3592 63.628 98.501 60.6977 65.3342 54.0021 75.693 
48.3981 76.2091 6.84295 11.0843 49.1778 8.66254 61.751 31.7901 41.858 1e+38 45.0798 0.110725 35.795 21.6287 1e+38 69.5061 80.3509 1e+38 74.9107 22.5657 1e+38 87.1881 96.6523 87.2877 84.5474 60.2803 85.7887 1e+38 25.6145 39.7908 20.9381 0 1 27.781 85.0968 65.1777 36.4436 46.8479 96.9678 78.3016 1e+38 42.0476 78.4123 1e+38 63.6763 16.8773 40.7501 44.0271 63.3865 15.6608 
66.5928 84.9264 2.84898 63.2452 72.2141 87.3963 23.5255 58.0028 32.6414 49.14 97.7936 53.5795 23.1525 13.7935 81.3606 1e+38 78.9712 17.8041 55.0972 75.9389 96.1057 90.5462 17.9866 74.518 61.7901 81.6628 91.3953 2.54025 25.69 54.7818 18.2011 92.2828 0 1 1e+38 11.9223 8.44642 79.0535 69.925 41.0879 28.1935 67.7186 94.6674 51.346 81.5121 76.0279 59.5953 60.4832 93.8321 14.6925 
1e+38 89.9377 5.23864 54.4087 1e+38 67.0288 36.0716 55.851 69.569 61.7616 10.6328 1e+38 54.0444 50.341 8.8202 9.57243 62.2633 17.2666 88.626 32.1883 58.3545 16.8194 99.9069 53.0218 68.1654 1e+38 29.0498 27.7607 41.9022 22.8818 42.4531 78.3244 1e+38 0 1 77.2753 14.7206 68.8047 33.1263 84.2896 1e+38 43.7591 72.0597 84.6107 94.1001 80.8799 94.1831 56.3634 98.1466 82.8091 
88.5518 56.501 1e+38 88.4587 9.52288 1e+38 69.8777 38.5727 95.5546 11.78 61.4545 38.0078 90.1044 74.2741 85.6995 1e+38 51.5494 1e+38 91.6423 84.6757 84.7097 22.2086 28.4348 56.7694 1e+38 22.5349 37.6494 1.00244 78.8983 35.7959 83.8115 67.4501 92.297 83.4401 0 1 51.234 25.7865 40.3925 46.7886 37.5665 1e+38 84.7964 27.6708 76.1211 70.496 50.5084 27.6704 70.9161 42.1507 
12.3461 55.6258 64.3593 1e+38 12.3952 71.1786 63.3158 50.0446 72.181 42.2141 85.8405 55.9925 9.66422 78.1375 39.4326 65.573 79.9573 90.6666 91.3595 20.3498 37.4552 1e+38 22.1968 1e+38 56.5968 98.3179 92.7476 7.10521 25.9883 63.6637 49.2559 38.3343 19.2894 13.6151 79.1152 0 1 42.431 81.7292 56.9747 84.6451 67.5698 12.9673 94.3093 45.7072 52.3999 59.8823 25.6646 43.0665 51.2418 
46.0144 80.5217 80.1678 68.2112 2.77336 36.7646 66.5291 95.521 43.8698 92.5174 59.1846 93.1257 30.8517 78.4741 1e+38 9.96691 10.1587 91.5346 52.3979 91.888 48.5093 37.043 59.4577 61.4766 31.3523 5.16497 1e+38 91.2346 1e+38 1e+38 42.4765 76.844 37.4646 22.6443 45.0552 40.238 0 1 35.7589 3.2788 4.10164 94.9435 96.4045 34.9533 1e+38 3.1454 44.9203 83.5763 1e+38 97.3182 
75.4643 43.1893 34.3611 34.922 4.66587 65.7135 40.087 1e+38 56.9481 70.9165 75.4852 99.4246 47.7605 12.9498 22.0689 92.8157 53.1878 81.4779 4.39994 88.9467 84.7567 8.50158 1e+38 81.1612 43.4549 1e+38 84.3066 88.3752 40.8842 78.9866 85.6933 16.3485 22.1759 20.0545 51.2705 26.8418 85.768 0 1 42.7161 62.274 20.8693 42.1407 10.0345 33.8191 64.2096 2.85017 87.0068 45.6875 7.25012 
75.9535 1e+38 15.7517 59.8438 11.6053 59.2066 17.1516 95.9119 47.5818 58.0358 74.8985 33.2752 74.3843 97.0744 53.3296 1e+38 23.9162 39.0976 17.0122 69.3003 81.8137 79.2862 90.1695 23.9543 89.3207 23.9886 88.1639 92.1709 10.9955 33.8514 99.421 1e+38 64.2955 15.1727 46.7928 75.9009 74.3793 63.9444 0 1 21.9802 46.7114 55.2363 96.3645 43.7858 1e+38 22.0193 67.702 47.6635 39.0315 
1e+38 29.4772 18.3177 27.1718 53.4315 7.63846 51.1605 41.5954 99.8094 62.1559 75.4468 1e+38 49.1049 39.7424 14.4031 95.8977 15.6432 88.7825 59.8421 87.4561 10.7436 81.8224 34.1674 65.9799 78.1869 77.9532 74.5459 0.20614 45.6552 22.2094 39.2376 1e+38 51.6866 57.5554 9.82936 1e+38 65.1938 60.9898 46.7136 0 1 22.1604 64.2336 72.2507 61.9028 78.6367 68.1484 1e+38 67.4191 27.9905 
65.0021 78.1628 9.81286 99.1695 44.1427 87.9997 77.1227 18.6886 88.2059 22.778 40.898 27.4435 5.43551 92.5846 84.9989 15.2649 97.7027 1e+38 1e+38 44.4163 15.1959 99.4004 66.5767 79.4294 71.6511 28.4795 58.0661 39.7995 6.02555 25.4853 67.7899 71.0276 3.64803 77.6028 70.1972 47.7907 65.6026 47.3199 1e+38 53.8084 0 1 81.2519 75.5334 99.9619 66.2508 90.7983 97.6646 16.4435 67.053 
42.0809 31.6393 66.4534 8.65765 11.0688 38.1045 37.1372 69.1349 77.9039 43.1627 94.6202 1e+38 14.1904 1e+38 23.2967 84.3875 46.0589 88.8993 31.7074 12.5382 42.7077 1.80534 19.9155 23.9596 77.3388 1e+38 90.2104 68.137 17.5419 6.65392 35.19 59.6228 38.2933 1e+38 68.2805 49.362 39.7479 5.41766 18.4969 17.6519 48.5804 0 1 1e+38 11.3853 86.6424 47.1583 57.4442 75.5417 78.8657 
69.9824 18.2494 80.6711 89.8979 42.209 58.0098 9.77522 32.4194 26.1469 27.3171 39.0734 61.3369 86.94 77.3666 62.9803 55.2204 26.7287 2.72823 60.6381 1e+38 20.3801 9.2185 58.3427 83.7258 71.9893 69.728 1e+38 19.1475 27.1723 45.91 98.0133 97.1547 64.1593 78.6844 1e+38 1e+38 36.6942 96.8278 38.7878 1e+38 24.145 77.8611 0 1 55.2278 87.1583 66.3054 81.9564 89.8865 26.9435 
27.182 10.2666 36.162 85.5247 1e+38 8.15123 55.2528 1e+38 27.2988 82.425 10.2707 25.3121 79.5797 74.43 3.99642 66.6323 80.7984 40.6906 63.4602 19.5861 3.53168 87.6051 97.4473 27.7096 98.69 1e+38 1e+38 64.9954 34.6315 4.75443 91.9389 61.8135 15.021 28.1009 47.3382 9.01345 36.2521 2.59093 73.3741 63.5509 85.016 83.6448 88.863 0 1 92.8594 31.228 38.8731 1e+38 94.6882 
58.4593 37.0817 82.2933 55.9066 64.7913 1e+38 8.58162 79.6592 45.9788 43.2131 84.4137 37.9177 5.02653 99.4347 66.0186 52.3647 8.44816 2.2707 54.9556 81.8223 65.8216 39.9716 65.4671 54.6846 4.56728 23.5419 47.5439 35.7953 62.415 1e+38 30.4835 20.8743 18.1756 1e+38 1e+38 82.967 93.7601 85.3625 62.6262 39.7389 28.5756 47.0399 1e+38 33.6021 0 1 85.9668 54.9228 45.9459 40.9225 
36.7451 11.7675 80.8941 2.21214 66.452 85.4614 25.754 1e+38 21.2567 88.1691 95.0899 51.7401 9.04339 13.2656 64.5169 85.8243 96.2325 1e+38 71.1868 58.8587 98.016 99.7624 5.8986 75.6725 33.3646 52.3732 19.3477 19.3314 7.29595 65.2936 60.2539 44.041 77.0611 41.148 46.2531 43.5131 26.6093 72.0072 57.5091 47.866 1e+38 52.599 99.6062 69.2196 65.8646 0 1 62.0971 22.4001 26.2307 
20.9558 20.4161 25.9932 26.8544 96.0886 59.3577 79.2276 15.4363 1e+38 86.5236 80.7299 38.943 1e+38 57.791 80.091 76.8177 1.30408 6.70032 48.8249 1e+38 54.5663 9.00114 11.4122 54.1725 78.2208 77.2768 18.2956 33.2647 39.3739 1e+38 59.4954 60.3297 61.1118 85.4886 87.1841 57.2004 44.8463 66.4118 72.6367 23.5355 52.9353 53.3667 62.4785 83.4999 11.1576 42.5694 0 1 49.2698 9.14254 
71.2749 3.83608 18.1437 82.6871 58.0086 96.3644 59.9639 76.3041 29.6291 99.3377 16.9998 89.1246 59.6674 78.1116 74.6132 46.8516 35.312 19.4595 13.2633 7.94871 42.995 66.1987 61.3154 5.47345 49.6986 72.473 48.0429 10.0162 84.9348 97.3126 19.1588 56.2097 1.14872 37.3024 38.8967 59.1573 33.6669 1e+38 35.4614 63.296 98.1984 1e+38 52.4206 57.8658 30.5728 27.0338 4.71738 0 1 17.9807 
1e+38 89.4884 84.1794 35.1488 94.9618 33.878 1e+38 43.0047 1e+38 92.5566 40.3174 63.053 48.7663 41.4661 0.355405 87.663 0.623354 34.0223 1e+38 36.0848 97.3183 84.722 88.546 49.739 42.5878 19.1188 76.7728 47.3052 85.0035 23.2662 1e+38 58.837 12.7546 49.4653 93.9859 1e+38 83.3432 1.60773 1e+38 27.2374 94.1644 91.0385 90.2904 42.9306 32.5045 90.6458 30.5936 1e+38 0 1 
1 21.9864 1.83924 57.7586 71.7254 44.427 76.8774 48.4982 91.7322 61.8809 71.7644 57.018 20.718 84.5189 6.48331 14.7038 92.2353 89.8265 16.3115 42.9564 17.064 10.4759 33.9949 7.35435 53.4065 66.4994 98.0001 84.0002 99.6273 22.6682 1.11744 68.84 44.6547 2.95668 26.5986 16.38 47.3837 3.476 64.8782 39.1159 65.3569 36.6426 96.1339 86.0749 21.1615 2.61721 0.778713 13.3969 92.4438 0 
