100
0 1 13.8459 1.54764 1e+38 1e+38 1e+38 1e+38 1e+38 1e+38 75.9278 1e+38 1e+38 1e+38 1e+38 1e+38 1e+38 1e+38 1e+38 1e+38 10.8538 1e+38 99.2433 62.9039 29.5202 1e+38 1e+38 1e+38 1e+38 1e+38 1e+38 7.31019 3.81459 1e+38 1e+38 98.2451 1e+38 1e+38 1e+38 1e+38 1e+38 1e+38 1e+38 0.309554 1e+38 33.4588 1e+38 1e+38 1e+38 1e+38 1e+38 1e+38 79.6551 1e+38 1e+38 1e+38 1e+38 1e+38 1e+38 1e+38 93.8842 1e+38 1e+38 1e+38 1e+38 1e+38 1e+38 1e+38 1e+38 1e+38 55.7785 1e+38 81.9559 58.668 65.2291 1e+38 92.1268 1e+38 1e+38 1e+38 1e+38 1e+38 1e+38 87.1033 1e+38 1e+38 1e+38 1e+38 1e+38 1e+38 1e+38 1e+38 1e+38 1e+38 1e+38 12.7924 1e+38 1e+38 1e+38 39.1337 
71.8731 0 1 1e+38 1e+38 69.2822 1e+38 94.2672 1e+38 1e+38 51.0954 1e+38 1e+38 83.479 1e+38 1e+38 1e+38 1e+38 1e+38 1e+38 1e+38 35.1784 14.9264 26.6304 13.6167 1e+38 1e+38 1e+38 1e+38 27.1167 1e+38 1e+38 1e+38 18.5158 1e+38 1e+38 1e+38 6.27519 1e+38 1e+38 1e+38 1e+38 1e+38 1e+38 1e+38 65.3195 1e+38 1e+38 1e+38 1e+38 1e+38 1e+38 1e+38 1e+38 1e+38 1e+38 1e+38 1e+38 1e+38 1e+38 1e+38 1e+38 1e+38 1e+38 1e+38 1e+38 72.0181 90.6688 84.4917 1e+38 70.3074 85.2851 1e+38 1e+38 1e+38 1e+38 1e+38 20.2693 1e+38 1e+38 1e+38 1e+38 1e+38 1e+38 1e+38 60.2343 1e+38 15.0176 1e+38 1e+38 1e+38 1e+38 1e+38 1e+38 1e+38 1e+38 1e+38 1e+38 1e+38 28.611 
1e+38 1e+38 0 1 1e+38 1e+38 16.6225 1e+38 1e+38 1e+38 1e+38 1e+38 1e+38 1e+38 1e+38 5.98537 1e+38 1e+38 1e+38 1e+38 1e+38 1e+38 1e+38 1e+38 1e+38 86.4234 1e+38 1e+38 1e+38 1e+38 33.7815 1e+38 1e+38 47.6777 1e+38 1e+38 1e+38 1e+38 1e+38 7.05363 1e+38 1e+38 1e+38 1e+38 1e+38 1e+38 1e+38 1e+38 1e+38 1e+38 1e+38 1e+38 1e+38 98.6158 1e+38 1e+38 1e+38 1e+38 1e+38 1e+38 1e+38 66.3232 1e+38 1e+38 14.0009 1e+38 1e+38 81.232 1e+38 1e+38 1e+38 1e+38 1e+38 1e+38 1e+38 65.7236 1e+38 62.2474 1e+38 1e+38 1e+38 1e+38 1e+38 1e+38 62.2323 1e+38 27.1104 1e+38 1e+38 1e+38 1e+38 1e+38 1e+38 1e+38 1e+38 39.9762 1e+38 1e+38 1e+38 65.3766 
1e+38 1e+38 1e+38 0 1 1e+38 1e+38 1e+38 1e+38 1e+38 4.76271 1e+38 1e+38 1e+38 1e+38 71.8135 1e+38 1e+38 1e+38 1e+38 1e+38 1e+38 1e+38 53.494 1e+38 1e+38 1e+38 1e+38 1e+38 14.6783 1e+38 1e+38 1e+38 1e+38 1e+38 1e+38 1e+38 1e+38 1e+38 1e+38 1e+38 1e+38 1e+38 1e+38 1e+38 1e+38 1e+38 1e+38 1e+38 1e+38 1e+38 1e+38 1e+38 1e+38 1e+38 40.4394 1e+38 90.6148 1e+38 1e+38 1e+38 1e+38 1e+38 1e+38 1e+38 1e+38 1e+38 1e+38 1e+38 1e+38 1e+38 1e+38 94.1278 82.0449 1e+38 1e+38 1e+38 1e+38 1e+38 1e+38 1e+38 1e+38 90.0927 1e+38 1e+38 1e+38 1e+38 1e+38 1e+38 1e+38 1e+38 1e+38 44.6713 1e+38 1e+38 1e+38 1e+38 1e+38 1.86543 91.6283 
53.7887 76.4014 1e+38 1e+38 0 1 1e+38 1e+38 1e+38 1e+38 1e+38 1e+38 84.0518 1e+38 1e+38 1e+38 1e+38 1e+38 1e+38 1e+38 1e+38 1e+38 73.5257 1e+38 1e+38 1e+38 7.589 1e+38 1e+38 1e+38 1e+38 1e+38 1e+38 1e+38 1e+38 44.302 55.2249 1e+38 1e+38 12.8146 1e+38 68.2567 1e+38 1e+38 93.5477 1e+38 1e+38 1e+38 1e+38 49.3985 1e+38 1e+38 1e+38 1e+38 1e+38 96.3168 1e+38 1e+38 57.1684 19.1951 1e+38 1e+38 1e+38 57.9205 1e+38 1e+38 2.22253 19.7011 1e+38 35.2809 1e+38 1e+38 1e+38 1e+38 1e+38 1e+38 1e+38 1e+38 3.16133 1e+38 1e+38 1e+38 1e+38 83.0369 69.6 1e+38 1e+38 1e+38 81.5092 1e+38 1e+38 1e+38 46.1705 80.9741 1e+38 1e+38 81.8172 1e+38 1e+38 4.62638 
48.9979 1e+38 1e+38 1e+38 1e+38 0 1 1e+38 1e+38 1e+38 1e+38 1e+38 1e+38 1e+38 1e+38 1e+38 1e+38 11.5059 47.718 1e+38 1e+38 1e+38 1e+38 1e+38 1e+38 3.64851 1e+38 1e+38 1e+38 1e+38 1e+38 1e+38 1e+38 1e+38 18.8988 99.2608 1e+38 1e+38 1e+38 30.5004 1e+38 1e+38 79.6157 73.7013 1e+38 1e+38 1e+38 20.4689 1e+38 1e+38 1e+38 1e+38 1e+38 1e+38 1e+38 1e+38 1e+38 1e+38 1e+38 72.2171 5.5385 25.1277 1e+38 1e+38 1e+38 1e+38 2.85594 1e+38 25.9986 1e+38 75.5416 1e+38 79.0132 1e+38 1e+38 1e+38 66.9251 16.7027 1e+38 90.1988 1e+38 1e+38 1e+38 1e+38 1e+38 1e+38 1e+38 1e+38 97.3462 70.9071 0.200708 1e+38 1e+38 1e+38 1e+38 1e+38 1e+38 1e+38 1e+38 22.2589 
1e+38 1e+38 1e+38 1e+38 1e+38 1e+38 0 1 1e+38 47.4274 1e+38 1e+38 1e+38 1e+38 1e+38 1e+38 1e+38 1e+38 1e+38 1e+38 1e+38 1e+38 92.3727 36.3278 9.45392 1e+38 1e+38 1e+38 1e+38 1e+38 1e+38 71.3114 14.2817 97.5322 1e+38 1e+38 1e+38 1e+38 1e+38 1e+38 1e+38 1e+38 1e+38 1e+38 1e+38 1e+38 1e+38 1e+38 1e+38 1e+38 24.6518 1e+38 1e+38 1e+38 1e+38 1e+38 1e+38 1e+38 1e+38 1e+38 1e+38 1e+38 1e+38 1e+38 1e+38 1e+38 1e+38 1e+38 1e+38 1e+38 1e+38 52.2418 29.5331 1e+38 1e+38 1e+38 1e+38 1e+38 1e+38 7.25872 1e+38 1e+38 1e+38 1e+38 49.395 1e+38 1e+38 1e+38 1e+38 71.8856 1e+38 1e+38 13.4391 1e+38 1e+38 1e+38 1e+38 1e+38 1e+38 0.357906 
1e+38 1e+38 1e+38 1e+38 1e+38 1e+38 45.0501 0 1 1e+38 1e+38 95.9354 1e+38 1e+38 1e+38 1e+38 1e+38 4.68004 1e+38 1e+38 1e+38 1e+38 1e+38 1e+38 73.858 71.2565 1e+38 1e+38 1e+38 1e+38 1e+38 5.52811 1e+38 1e+38 78.0232 1e+38 1e+38 23.0734 1e+38 1e+38 1e+38 1e+38 79.818 60.9816 67.0003 1e+38 1e+38 32.1244 1e+38 1e+38 1e+38 1e+38 1e+38 1e+38 1e+38 1e+38 1e+38 1e+38 1e+38 1e+38 62.2055 1e+38 1e+38 1e+38 1e+38 1e+38 1e+38 1e+38 1e+38 1e+38 1e+38 65.8486 1e+38 1e+38 1e+38 1e+38 1e+38 22.3463 1e+38 1e+38 1e+38 1e+38 1e+38 1e+38 1e+38 79.4518 60.4598 1e+38 1e+38 1e+38 72.23 1e+38 1e+38 1e+38 1e+38 93.4857 1e+38 66.9659 1e+38 18.0791 
1e+38 1e+38 1e+38 1e+38 1e+38 1e+38 1e+38 46.1786 0 1 20.7488 1e+38 1e+38 1e+38 1e+38 10.7756 1e+38 1e+38 1e+38 1e+38 1e+38 1e+38 1e+38 1e+38 1e+38 1e+38 1e+38 61.0664 1e+38 19.9807 1e+38 1e+38 1e+38 1e+38 1e+38 1e+38 1e+38 1e+38 1e+38 1e+38 1e+38 1e+38 1e+38 64.0869 1e+38 1e+38 1e+38 1e+38 1e+38 1e+38 1e+38 1e+38 46.3403 44.23 2.73969 1e+38 1e+38 1e+38 1e+38 1e+38 1e+38 1e+38 1e+38 1e+38 1e+38 1e+38 1e+38 1e+38 5.72258 1e+38 1e+38 27.0666 1e+38 1e+38 91.1535 12.9125 1e+38 1e+38 1e+38 55.6969 1e+38 33.211 1e+38 1e+38 1e+38 1e+38 66.1766 1e+38 1e+38 1e+38 87.5763 1e+38 26.1225 1e+38 1e+38 1e+38 1e+38 1e+38 1e+38 11.5152 
1e+38 1e+38 1e+38 1e+38 1e+38 29.7353 1e+38 1e+38 95.7513 0 1 1e+38 1e+38 16.3114 1e+38 1e+38 1e+38 1e+38 1e+38 1e+38 1e+38 1e+38 1e+38 1e+38 1e+38 1e+38 1e+38 1e+38 1e+38 1e+38 29.2803 1e+38 1e+38 1e+38 1e+38 1e+38 1e+38 74.3939 1e+38 1e+38 1e+38 92.6172 1e+38 1e+38 1e+38 1e+38 1e+38 1e+38 1e+38 1e+38 1e+38 1e+38 1e+38 1e+38 1e+38 1e+38 1e+38 1e+38 1e+38 55.7378 1e+38 1e+38 1e+38 1e+38 1e+38 1e+38 1e+38 1e+38 78.4908 1e+38 1e+38 1e+38 1e+38 1e+38 1e+38 1e+38 1e+38 1e+38 49.343 1e+38 1e+38 1e+38 1e+38 1e+38 83.6305 1e+38 1e+38 16.7014 20.6319 1e+38 1e+38 1e+38 1e+38 1e+38 1e+38 1e+38 77.3527 2.98788 9.03558 55.8435 
1e+38 17.2732 1e+38 1e+38 55.1132 1e+38 1e+38 45.6518 81.5503 1e+38 0 1 1e+38 1e+38 1e+38 1e+38 1e+38 1e+38 1e+38 99.2504 1e+38 1e+38 6.29458 1e+38 1e+38 1e+38 1e+38 1e+38 1e+38 1e+38 1e+38 1e+38 1e+38 1e+38 1e+38 1e+38 54.4528 66.4823 33.7043 1e+38 1e+38 1e+38 1e+38 1e+38 1e+38 1e+38 79.3466 38.9785 1e+38 1e+38 1e+38 76.7917 1e+38 1e+38 1e+38 1e+38 1e+38 95.9061 1e+38 1e+38 1e+38 3.53232 1e+38 1e+38 1e+38 1e+38 1e+38 1e+38 1e+38 1e+38 5.7888 15.564 1e+38 1e+38 1e+38 1e+38 1e+38 1e+38 1e+38 1e+38 1e+38 1e+38 1e+38 1e+38 1e+38 78.0151 1e+38 1e+38 1e+38 1e+38 1e+38 1e+38 1e+38 1e+38 30.005 1e+38 1e+38 1e+38 1e+38 86.9114 
1e+38 1e+38 1e+38 6.97239 1e+38 1e+38 1e+38 1e+38 1e+38 1e+38 1e+38 0 1 1e+38 97.4416 1e+38 1e+38 21.1256 1e+38 1e+38 88.6282 1e+38 8.66785 1e+38 1e+38 38.6729 1e+38 1e+38 1e+38 1e+38 37.5423 1e+38 1e+38 1e+38 37.0519 1e+38 1e+38 1e+38 1e+38 1e+38 1e+38 1e+38 1e+38 1e+38 1e+38 1e+38 42.972 1e+38 1e+38 1e+38 1e+38 1e+38 23.6372 69.2763 1e+38 1e+38 1e+38 1e+38 1e+38 1e+38 1e+38 1e+38 1e+38 1e+38 1e+38 76.3227 1e+38 69.6592 1e+38 1e+38 1e+38 1e+38 1e+38 1e+38 1e+38 1e+38 1e+38 1e+38 50.4839 1e+38 1e+38 1e+38 31.1031 1e+38 1e+38 1e+38 1e+38 1e+38 71.6291 1e+38 97.5092 1e+38 89.1998 1e+38 1e+38 85.5765 1e+38 1e+38 1e+38 71.9444 
1e+38 1e+38 1e+38 1e+38 1e+38 1e+38 1e+38 2.87183 1e+38 1e+38 1e+38 18.2283 0 1 1e+38 1e+38 1e+38 1e+38 1e+38 1e+38 1e+38 1e+38 1e+38 1e+38 1e+38 1e+38 1e+38 1e+38 1e+38 1e+38 95.6082 1e+38 82.5206 1e+38 1e+38 1e+38 1e+38 1e+38 1e+38 1e+38 1e+38 1e+38 90.7614 1e+38 1e+38 1e+38 1e+38 1e+38 1e+38 1e+38 1e+38 1e+38 1e+38 1e+38 1e+38 1e+38 1e+38 1e+38 1e+38 1e+38 1e+38 1e+38 1e+38 1e+38 1e+38 1e+38 1e+38 1e+38 1e+38 1e+38 1e+38 1e+38 1e+38 1e+38 1e+38 45.3588 1e+38 1e+38 1e+38 89.7876 1e+38 1e+38 1e+38 1e+38 15.1605 1e+38 1e+38 1e+38 1e+38 1e+38 1e+38 1e+38 1e+38 1e+38 1e+38 1e+38 1e+38 25.0534 1e+38 56.2651 
1e+38 1e+38 1e+38 1e+38 1e+38 1e+38 85.8656 1e+38 1e+38 1e+38 1e+38 1e+38 1e+38 0 1 89.5072 1e+38 1e+38 1e+38 1e+38 1e+38 1e+38 1e+38 1e+38 1e+38 48.7005 1e+38 1e+38 1e+38 1e+38 1e+38 1e+38 70.6573 1e+38 1e+38 1e+38 1e+38 62.8603 1e+38 1e+38 1e+38 1e+38 1e+38 1e+38 1e+38 1e+38 1e+38 1e+38 1e+38 1e+38 24.547 75.4971 1e+38 42.1726 1e+38 1e+38 90.8731 1e+38 1e+38 1e+38 1e+38 22.847 1e+38 1e+38 1e+38 1e+38 1e+38 1e+38 1e+38 17.6804 1e+38 58.4848 1e+38 1e+38 1e+38 1e+38 1e+38 31.715 52.6397 1e+38 1e+38 77.1868 1e+38 28.6001 1e+38 1e+38 1e+38 1e+38 1e+38 1e+38 1e+38 1e+38 1e+38 1e+38 1e+38 1e+38 1e+38 1e+38 1e+38 95.0539 
1e+38 1e+38 1e+38 1e+38 1e+38 1e+38 1e+38 1e+38 1e+38 1e+38 1e+38 20.0661 1e+38 1e+38 0 1 1e+38 1e+38 1e+38 1e+38 22.014 1e+38 1e+38 16.4661 1e+38 1e+38 1e+38 1e+38 1e+38 1e+38 1e+38 1e+38 1e+38 1e+38 1e+38 1e+38 12.4125 1e+38 1e+38 1e+38 1e+38 71.2531 1e+38 1e+38 1e+38 1e+38 1e+38 1e+38 1e+38 1e+38 1e+38 1e+38 1e+38 1e+38 1e+38 1e+38 1e+38 1e+38 1e+38 1e+38 1e+38 1e+38 1e+38 1e+38 1e+38 1e+38 1e+38 1e+38 1e+38 97.0432 1e+38 1e+38 1e+38 1e+38 1e+38 1e+38 1e+38 49.5848 79.0537 1e+38 1e+38 1e+38 1e+38 1e+38 1e+38 1e+38 1e+38 1e+38 1e+38 1e+38 1e+38 1e+38 1e+38 1e+38 81.9043 62.9595 1e+38 1e+38 41.5973 58.1749 
1e+38 68.2474 1e+38 1e+38 1e+38 1e+38 1e+38 1e+38 1e+38 1e+38 53.0763 52.2591 1e+38 1e+38 1e+38 0 1 82.1401 34.4018 1e+38 1e+38 1e+38 1e+38 1e+38 1e+38 1e+38 1e+38 1e+38 37.4874 22.4673 1e+38 1e+38 1e+38 3.33854 1e+38 1e+38 1e+38 1e+38 1e+38 45.0105 1e+38 1e+38 1e+38 1e+38 1e+38 1e+38 50.604 96.3866 1e+38 1e+38 1e+38 46.3988 1e+38 1e+38 1e+38 1e+38 1e+38 1e+38 0.908858 92.6056 1e+38 1e+38 1e+38 1e+38 1e+38 1e+38 1e+38 8.48063 1e+38 1e+38 1e+38 1e+38 1e+38 1e+38 1e+38 1e+38 1e+38 1e+38 1e+38 1e+38 1e+38 1e+38 1e+38 1e+38 40.9075 1e+38 1e+38 1e+38 1e+38 1e+38 1e+38 1e+38 1e+38 1e+38 1e+38 1e+38 31.2358 1e+38 1e+38 0.0835702 
1e+38 1e+38 1e+38 1e+38 7.63746 1e+38 98.1095 1e+38 69.5941 1e+38 1e+38 1e+38 1e+38 1e+38 1e+38 1e+38 0 1 1e+38 1e+38 1e+38 1e+38 1e+38 57.1575 1e+38 1e+38 1e+38 1e+38 1e+38 1e+38 1e+38 0.516151 1e+38 1e+38 1e+38 1e+38 1e+38 1e+38 1e+38 1e+38 1e+38 41.9887 1e+38 1e+38 1e+38 1e+38 1e+38 1e+38 1e+38 1e+38 1e+38 87.4049 1e+38 1e+38 1e+38 1e+38 1e+38 1e+38 1e+38 49.466 1e+38 1e+38 49.9821 1e+38 1e+38 1e+38 1e+38 1e+38 1e+38 5.8018 1e+38 1e+38 1e+38 94.0279 1e+38 1e+38 1e+38 95.412 19.5728 1e+38 46.9433 1e+38 1e+38 1e+38 21.9503 1e+38 1e+38 1e+38 1e+38 1e+38 1e+38 1e+38 1e+38 1e+38 1e+38 71.7353 48.6655 1e+38 1e+38 47.0168 
1e+38 1e+38 1e+38 1e+38 53.3351 11.5665 1e+38 1e+38 1e+38 1e+38 1e+38 53.9217 1e+38 1e+38 1e+38 1e+38 1e+38 0 1 1e+38 1e+38 1e+38 1e+38 1e+38 1e+38 1e+38 1e+38 1e+38 1e+38 4.8164 1e+38 1e+38 1e+38 1e+38 1e+38 1e+38 1e+38 1e+38 1e+38 1e+38 1e+38 1e+38 1e+38 81.0774 1e+38 37.3428 20.3275 1e+38 1e+38 83.6829 1e+38 1e+38 1e+38 1e+38 1e+38 1e+38 1e+38 1e+38 1e+38 1e+38 1e+38 1e+38 1e+38 16.4987 1e+38 1e+38 1e+38 1e+38 76.3918 1e+38 1e+38 40.1695 70.0418 1e+38 1e+38 1e+38 57.3674 1e+38 1e+38 1e+38 1e+38 1e+38 1e+38 1e+38 1e+38 1e+38 1e+38 1e+38 1e+38 1e+38 1e+38 1e+38 1e+38 1e+38 1e+38 1e+38 1e+38 1e+38 1e+38 16.0706 
48.7719 1.03581 56.2401 1e+38 1e+38 1e+38 1e+38 78.4278 19.0615 1e+38 1e+38 1e+38 1e+38 21.5447 90.1857 1e+38 1e+38 1e+38 0 1 1e+38 1e+38 1e+38 1e+38 1e+38 84.8854 0.676869 98.5519 1e+38 46.9168 1e+38 1e+38 1e+38 1e+38 1e+38 69.013 1e+38 1e+38 1e+38 67.4111 1e+38 1e+38 1e+38 1e+38 1e+38 1.91559 1e+38 1e+38 19.0581 39.5295 1e+38 1e+38 1e+38 1e+38 1e+38 1e+38 79.9742 51.9958 1e+38 1e+38 98.9127 1e+38 1e+38 1e+38 1e+38 1e+38 1e+38 1e+38 1e+38 1e+38 1e+38 1e+38 1e+38 4.94513 97.828 1e+38 1e+38 1e+38 1e+38 25.9189 1e+38 1e+38 1e+38 1e+38 1e+38 30.631 1e+38 73.5656 1e+38 1e+38 63.6689 1e+38 1e+38 1e+38 28.4047 1e+38 39.3923 1e+38 1e+38 8.37359 
1e+38 1e+38 1e+38 1e+38 1e+38 1e+38 49.9906 1e+38 1e+38 1e+38 1e+38 1e+38 45.5057 1e+38 1e+38 39.097 97.5114 79.7604 1e+38 0 1 76.3315 61.6777 79.9087 1e+38 1e+38 1e+38 1e+38 34.3655 1e+38 1e+38 1e+38 1e+38 88.3383 1e+38 1e+38 1e+38 1e+38 1e+38 1e+38 1e+38 1e+38 1e+38 1e+38 1e+38 62.9587 1e+38 85.604 1e+38 1e+38 65.7423 1e+38 1e+38 27.42 1e+38 1e+38 1e+38 1e+38 1e+38 1e+38 1e+38 1e+38 1e+38 1e+38 1e+38 1e+38 1e+38 1e+38 1e+38 1e+38 1e+38 1e+38 1e+38 1e+38 1e+38 1e+38 1e+38 1e+38 45.0131 1e+38 1e+38 1e+38 1e+38 1e+38 1e+38 1e+38 1e+38 1e+38 1e+38 1e+38 1e+38 1e+38 1e+38 1e+38 1e+38 1e+38 1e+38 13.1038 1e+38 71.9157 
1e+38 1e+38 1e+38 1e+38 1e+38 1e+38 93.9339 1e+38 1e+38 1e+38 91.8267 1e+38 1e+38 1e+38 1e+38 1e+38 72.6918 1e+38 1e+38 1e+38 0 1 1e+38 1e+38 1e+38 46.427 24.2783 25.3244 1e+38 21.821 1e+38 22.739 1e+38 1e+38 1e+38 63.6329 1e+38 1e+38 1e+38 1e+38 1e+38 0.694798 1e+38 1e+38 1e+38 1e+38 1e+38 1e+38 1e+38 1e+38 78.6699 1e+38 1e+38 1e+38 1e+38 1e+38 1e+38 1e+38 0.189881 1e+38 1e+38 1e+38 1e+38 1e+38 1e+38 1e+38 1e+38 1e+38 1e+38 1e+38 97.2813 1e+38 1e+38 89.3926 1e+38 1e+38 1e+38 1e+38 1e+38 1e+38 1e+38 1e+38 1e+38 1e+38 1e+38 1e+38 1e+38 28.5282 1e+38 92.047 1e+38 32.7925 89.4769 20.0905 16.6869 1e+38 1e+38 1e+38 52.3045 0.117096 
1e+38 1e+38 1e+38 1e+38 38.9784 51.4776 43.1611 1e+38 1e+38 1e+38 1e+38 69.4156 1e+38 1e+38 1e+38 1e+38 1e+38 1e+38 1e+38 1e+38 1e+38 0 1 1e+38 1e+38 1e+38 1e+38 14.5894 98.5721 1e+38 1e+38 19.1819 91.4332 1e+38 1e+38 1e+38 1e+38 1e+38 1e+38 1e+38 1e+38 1e+38 1e+38 1e+38 1e+38 52.6869 1e+38 1e+38 1e+38 1e+38 1e+38 1e+38 1e+38 6.51814 1e+38 1e+38 1e+38 1e+38 1e+38 39.448 1e+38 1e+38 1e+38 1e+38 1e+38 55.5118 1e+38 1e+38 1e+38 1e+38 1e+38 1e+38 1e+38 1e+38 1e+38 1e+38 88.0294 1e+38 1e+38 1e+38 1e+38 1e+38 20.243 1e+38 53.1992 81.2935 1e+38 1e+38 31.8869 1e+38 1e+38 1e+38 1e+38 1e+38 1e+38 1e+38 1e+38 1e+38 1e+38 43.2197 
78.1807 1e+38 1e+38 1e+38 1e+38 1e+38 95.6519 1e+38 21.4128 1e+38 1e+38 1e+38 1e+38 1e+38 1e+38 1e+38 1e+38 1e+38 1e+38 1e+38 1e+38 80.9644 0 1 1e+38 1e+38 1e+38 1e+38 1e+38 1e+38 1e+38 1e+38 1e+38 1e+38 1e+38 1e+38 1e+38 1e+38 1e+38 1e+38 1e+38 1e+38 1e+38 1e+38 1e+38 1e+38 2.8999 1e+38 1e+38 1e+38 1e+38 1e+38 1e+38 1e+38 1e+38 1e+38 1e+38 1e+38 1e+38 1e+38 1e+38 1e+38 92.5021 1e+38 1e+38 1e+38 1e+38 1e+38 1e+38 1e+38 1e+38 1e+38 85.4666 1e+38 1e+38 1e+38 1e+38 90.4134 1e+38 1e+38 1e+38 80.9759 1e+38 1e+38 1e+38 1e+38 1e+38 30.7983 1e+38 1e+38 64.8581 1e+38 1e+38 1e+38 1e+38 1e+38 1e+38 1e+38 1e+38 38.7044 
24.837 90.1331 1e+38 10.3035 1e+38 1e+38 1e+38 1e+38 1e+38 1e+38 1e+38 1e+38 1e+38 1e+38 67.4255 16.1201 1e+38 1e+38 1e+38 1e+38 1e+38 1e+38 1e+38 0 1 1e+38 1e+38 1e+38 53.439 1e+38 1e+38 1e+38 1e+38 1e+38 1e+38 1e+38 1e+38 1e+38 1e+38 1e+38 1e+38 1e+38 1e+38 1e+38 9.62069 1e+38 1e+38 1e+38 1e+38 72.5022 1e+38 5.72186 1e+38 1e+38 1e+38 53.4154 1e+38 1e+38 1e+38 1e+38 1e+38 30.5768 1e+38 1e+38 1e+38 1e+38 1e+38 1e+38 90.6562 1e+38 17.4335 60.9999 99.0373 1e+38 1e+38 1e+38 1e+38 1e+38 1e+38 1e+38 1e+38 1e+38 1e+38 1e+38 36.6177 1e+38 1e+38 1e+38 1e+38 1e+38 1e+38 1e+38 1e+38 1e+38 1e+38 1e+38 1e+38 1e+38 1e+38 65.3706 
35.743 1e+38 1e+38 1e+38 1e+38 1e+38 1e+38 1e+38 92.8817 1e+38 1e+38 1e+38 25.8783 1e+38 1e+38 1e+38 1e+38 1e+38 1e+38 1e+38 99.3914 1e+38 1e+38 1e+38 0 1 1e+38 1e+38 1e+38 1e+38 1e+38 82.7008 1e+38 1e+38 1e+38 1e+38 23.2038 1e+38 5.36954 1e+38 1e+38 1e+38 1e+38 1e+38 1e+38 1e+38 1e+38 1e+38 12.2805 1e+38 1e+38 1e+38 1e+38 1e+38 1e+38 1e+38 10.6816 1e+38 1e+38 1e+38 1e+38 1e+38 1e+38 1e+38 1e+38 1e+38 1e+38 1e+38 1e+38 1e+38 1e+38 1e+38 1e+38 1e+38 1e+38 1e+38 1e+38 1e+38 45.9354 1e+38 1e+38 1e+38 1e+38 38.2452 1e+38 93.3405 1e+38 1e+38 1e+38 1e+38 1e+38 1e+38 1e+38 1e+38 1e+38 85.6174 12.5597 1e+38 1e+38 31.3003 
1e+38 1e+38 1e+38 1e+38 1e+38 1e+38 1e+38 34.6082 1e+38 1e+38 1e+38 1e+38 1e+38 68.5615 1e+38 1e+38 1e+38 1e+38 1e+38 59.2845 1e+38 1e+38 82.8894 1e+38 1e+38 0 1 1e+38 44.2121 1e+38 1e+38 1e+38 1e+38 88.5458 94.7727 1e+38 1e+38 1e+38 1e+38 1e+38 77.4377 1e+38 1e+38 90.0508 87.4781 1e+38 48.741 1e+38 1e+38 1e+38 1e+38 1e+38 1e+38 1e+38 49.5912 1e+38 2.55112 1e+38 1e+38 1e+38 48.7868 4.21437 1e+38 1e+38 1e+38 1e+38 1e+38 1e+38 42.5772 63.3254 1e+38 1e+38 1e+38 1e+38 1e+38 1e+38 69.2241 1e+38 1e+38 85.2932 1e+38 1e+38 95.4531 1e+38 1e+38 1e+38 1e+38 1e+38 1e+38 71.4263 1e+38 1e+38 1e+38 1e+38 1e+38 1e+38 1e+38 60.2269 1e+38 75.317 
1e+38 1e+38 1e+38 1e+38 1e+38 1e+38 1e+38 1e+38 1e+38 1e+38 1e+38 1e+38 1e+38 1e+38 1e+38 1e+38 1e+38 99.8934 63.5681 12.5896 1e+38 1e+38 81.0605 1e+38 1e+38 1e+38 0 1 1e+38 1e+38 1e+38 1e+38 1e+38 1e+38 1e+38 1e+38 1e+38 1e+38 36.9887 1e+38 1e+38 89.3967 1e+38 1e+38 37.2578 1e+38 1e+38 30.1631 1e+38 1e+38 1e+38 1e+38 1e+38 23.8132 1e+38 1e+38 24.943 1e+38 1e+38 1e+38 1e+38 1e+38 1e+38 1e+38 6.87007 61.912 1e+38 1e+38 1e+38 2.21439 1e+38 1e+38 1e+38 1e+38 1e+38 1e+38 1e+38 1e+38 59.032 1e+38 1e+38 1e+38 1e+38 1e+38 1e+38 1e+38 1e+38 1e+38 1e+38 1e+38 1e+38 1e+38 1e+38 1e+38 1e+38 61.6951 1e+38 1e+38 1e+38 98.091 
1e+38 1e+38 1e+38 1e+38 1e+38 1e+38 84.4458 83.1199 1e+38 1e+38 1e+38 1e+38 45.2625 1e+38 1e+38 1e+38 8.7959 1e+38 21.4012 1e+38 1e+38 1e+38 1e+38 52.2099 1e+38 1e+38 13.905 0 1 1e+38 1e+38 10.0185 99.2608 1e+38 1e+38 1e+38 1e+38 1e+38 1e+38 36.9358 1e+38 1e+38 1e+38 1e+38 1e+38 1e+38 1e+38 1e+38 1e+38 1e+38 8.29497 1e+38 1e+38 96.07 1e+38 1e+38 1e+38 1e+38 1e+38 1e+38 1e+38 1e+38 1e+38 1e+38 1e+38 2.03762 1e+38 28.1911 1e+38 1e+38 1e+38 1e+38 12.7643 43.9375 1e+38 1e+38 1e+38 1e+38 1e+38 1e+38 1e+38 1e+38 1e+38 1e+38 51.7211 1e+38 69.9261 1e+38 1e+38 1e+38 1e+38 1e+38 1e+38 1e+38 1e+38 1e+38 1e+38 1e+38 1e+38 49.0743 
1e+38 1e+38 1e+38 1e+38 1e+38 1e+38 1e+38 43.6125 1e+38 1e+38 1e+38 98.1397 1e+38 1e+38 12.49 1e+38 1e+38 1e+38 1e+38 1e+38 1e+38 1e+38 15.5275 1e+38 1e+38 1e+38 67.5871 1e+38 0 1 1e+38 1e+38 60.0806 1e+38 1e+38 1e+38 1e+38 1e+38 1e+38 1e+38 1e+38 1e+38 1e+38 1e+38 1e+38 1e+38 1e+38 48.8897 1e+38 1e+38 1e+38 1e+38 56.75 1e+38 45.2388 1e+38 1e+38 1e+38 1e+38 1e+38 1e+38 1e+38 1e+38 1e+38 1e+38 72.647 1e+38 1e+38 1e+38 13.4457 1e+38 1e+38 41.831 1e+38 15.6902 1e+38 1e+38 1e+38 1e+38 81.1732 1e+38 1e+38 1e+38 1e+38 40.7197 39.5558 1e+38 1e+38 1e+38 1e+38 1e+38 1e+38 1e+38 1e+38 1e+38 61.6078 1e+38 1e+38 1e+38 87.8119 
1e+38 1e+38 1e+38 1e+38 1e+38 1e+38 58.2815 26.6692 1e+38 72.5163 1e+38 1e+38 1e+38 1e+38 1e+38 1e+38 41.7151 1e+38 1e+38 1e+38 1e+38 1e+38 1e+38 84.5301 1e+38 1e+38 46.138 1e+38 1e+38 0 1 1e+38 72.2198 1e+38 72.9303 86.6895 1e+38 1e+38 1e+38 1e+38 3.72808 21.201 1e+38 95.958 1e+38 1e+38 28.9076 1e+38 1e+38 1e+38 59.1722 72.6199 1e+38 49.7468 1e+38 8.34301 1e+38 1e+38 77.9065 1e+38 1e+38 1e+38 49.8588 1e+38 1e+38 1e+38 1e+38 51.5198 54.0008 1e+38 80.8259 1e+38 1e+38 65.91 1e+38 1e+38 1e+38 82.5945 1e+38 1e+38 1e+38 1e+38 1e+38 1e+38 77.5034 1e+38 1e+38 1e+38 1e+38 1e+38 1e+38 83.5667 1e+38 1e+38 1e+38 1e+38 1e+38 1e+38 83.5384 14.9929 
1e+38 1e+38 1e+38 1e+38 1e+38 1e+38 1e+38 1e+38 1e+38 1e+38 1e+38 1e+38 1e+38 1e+38 1e+38 4.50496 1e+38 1e+38 1e+38 1e+38 1e+38 1e+38 91.5291 1e+38 1e+38 1e+38 1e+38 1e+38 1e+38 1e+38 0 1 36.2689 1e+38 1e+38 1e+38 1e+38 1e+38 1e+38 1e+38 1e+38 1e+38 1e+38 1e+38 1e+38 1e+38 1e+38 1e+38 1e+38 1e+38 1e+38 1e+38 1e+38 92.8122 1e+38 1e+38 1e+38 83.2162 1e+38 1e+38 1e+38 1e+38 1e+38 1e+38 1e+38 1e+38 1e+38 1e+38 1e+38 1e+38 1e+38 1e+38 1e+38 1e+38 1e+38 1e+38 1e+38 1e+38 1e+38 1e+38 1e+38 1e+38 1e+38 1e+38 1e+38 1e+38 1e+38 1e+38 1e+38 1e+38 1e+38 1e+38 1e+38 69.6819 1e+38 1e+38 1e+38 1e+38 1e+38 24.7803 
29.4028 1e+38 1e+38 1e+38 1e+38 1e+38 1e+38 22.9117 1e+38 1e+38 1e+38 1e+38 1e+38 1e+38 1e+38 65.9404 1e+38 1e+38 1e+38 1e+38 1e+38 1e+38 1e+38 1e+38 1e+38 1e+38 1e+38 1e+38 34.1322 1e+38 1e+38 0 1 1e+38 1e+38 1e+38 1e+38 1e+38 1e+38 1e+38 1e+38 9.82182 1e+38 1e+38 1e+38 1e+38 1e+38 1e+38 1e+38 1e+38 1e+38 1e+38 1e+38 94.3945 1e+38 1e+38 1e+38 1e+38 1e+38 1e+38 1e+38 1e+38 1e+38 1e+38 29.7577 1e+38 1e+38 1e+38 1e+38 21.7047 25.32 1e+38 1e+38 66.3693 1e+38 1e+38 1e+38 1e+38 1e+38 1e+38 1e+38 1e+38 1e+38 29.5477 1e+38 20.8462 1e+38 1e+38 1e+38 1e+38 1e+38 1e+38 1e+38 1e+38 1e+38 1e+38 0.00166665 1e+38 1e+38 61.7631 
1e+38 1e+38 1e+38 1e+38 1e+38 1e+38 11.4228 34.8101 1e+38 47.2034 71.1042 1e+38 1e+38 1e+38 1e+38 68.7324 92.7306 1e+38 1e+38 1e+38 1e+38 1e+38 1e+38 1e+38 1e+38 1e+38 1e+38 1e+38 1e+38 1e+38 1e+38 88.7 0 1 1e+38 87.1034 1e+38 1e+38 1e+38 1e+38 1e+38 1e+38 1e+38 83.3242 64.9021 1e+38 1e+38 1e+38 1e+38 69.5489 1e+38 1e+38 1e+38 1e+38 1e+38 1e+38 1e+38 1e+38 1e+38 14.413 1e+38 1e+38 1e+38 1e+38 1.59706 1e+38 1e+38 1e+38 1e+38 1e+38 38.0122 1e+38 1e+38 7.92848 1e+38 1e+38 1e+38 1e+38 1e+38 1e+38 1e+38 1e+38 31.8426 1e+38 1e+38 29.0237 1e+38 1e+38 1e+38 12.0829 1e+38 1e+38 1e+38 1e+38 48.0169 1e+38 1e+38 1e+38 1e+38 21.8421 
1e+38 1e+38 1e+38 1e+38 1e+38 1e+38 1e+38 1e+38 1e+38 1e+38 1e+38 5.25358 1e+38 1e+38 1e+38 95.1944 5.87783 1e+38 90.0796 91.0836 1e+38 99.3778 1e+38 1e+38 1e+38 1e+38 83.4014 1e+38 1e+38 1e+38 1e+38 1e+38 1e+38 0 1 1e+38 1e+38 1e+38 73.2606 1e+38 11.6914 1e+38 1e+38 1e+38 1e+38 1e+38 1e+38 1e+38 1e+38 1e+38 1e+38 1e+38 1e+38 20.591 1e+38 1e+38 1e+38 1e+38 1e+38 1e+38 71.9496 82.1783 1e+38 1e+38 82.0471 1e+38 1e+38 1e+38 93.4776 1e+38 1e+38 1e+38 1e+38 1e+38 86.5836 64.2369 1e+38 63.1927 1e+38 1e+38 1e+38 1e+38 1e+38 95.9478 77.9196 1e+38 1e+38 1e+38 27.709 1e+38 1e+38 1e+38 1e+38 1.29708 1e+38 1e+38 1e+38 1e+38 1e+38 67.224 
88.1823 1e+38 1e+38 1e+38 1e+38 1e+38 1e+38 1e+38 1e+38 1e+38 1e+38 1e+38 44.0994 1e+38 1e+38 1e+38 1e+38 1e+38 1e+38 1e+38 64.7005 1e+38 1e+38 1e+38 1e+38 1e+38 1e+38 1e+38 1e+38 1e+38 1e+38 0.587572 1e+38 1e+38 0 1 1e+38 1e+38 1e+38 1e+38 1e+38 1e+38 1e+38 1e+38 1e+38 1e+38 1e+38 1e+38 1e+38 1e+38 1e+38 1e+38 20.7785 1e+38 1e+38 1e+38 1e+38 1e+38 1e+38 1e+38 1e+38 1e+38 1e+38 1e+38 1e+38 1e+38 1e+38 1e+38 1e+38 1e+38 1e+38 1e+38 95.0418 1e+38 1e+38 30.0801 1e+38 88.005 1e+38 1e+38 1e+38 1e+38 1e+38 1e+38 1e+38 45.0754 51.6378 1e+38 5.54234 1e+38 1e+38 1e+38 1e+38 1e+38 0.835395 1e+38 1e+38 1e+38 49.8847 36.9056 
1e+38 1e+38 1e+38 41.6679 1e+38 1e+38 1e+38 31.9416 1e+38 1e+38 39.6655 1e+38 1e+38 1e+38 1e+38 1e+38 1e+38 1e+38 1e+38 71.794 1e+38 1e+38 1e+38 1e+38 1e+38 1e+38 1e+38 1e+38 1e+38 1e+38 1e+38 1e+38 46.9614 1e+38 69.1573 0 1 1e+38 1e+38 1e+38 1e+38 1e+38 1e+38 1e+38 1e+38 1e+38 44.1373 1e+38 1e+38 1e+38 1e+38 74.0519 1e+38 69.8948 1e+38 1e+38 1e+38 1e+38 11.0873 1e+38 1e+38 1e+38 1e+38 1e+38 2.9618 1e+38 1e+38 1e+38 1e+38 23.6931 1e+38 1e+38 1e+38 1e+38 1e+38 1e+38 1e+38 1e+38 1e+38 1e+38 1e+38 1e+38 1e+38 53.5832 1e+38 1e+38 1e+38 1e+38 76.6547 7.89153 1e+38 1e+38 23.7508 1e+38 92.1343 26.7126 1e+38 1e+38 1e+38 1.69838 
1e+38 1e+38 1e+38 1e+38 1e+38 1e+38 1e+38 1e+38 1e+38 1e+38 1e+38 1e+38 1e+38 1e+38 1e+38 1e+38 1e+38 22.0157 1e+38 1e+38 1e+38 1e+38 1e+38 1e+38 1e+38 1e+38 80.3706 1e+38 1e+38 1e+38 1e+38 1e+38 69.2777 1e+38 31.3459 77.228 0 1 1e+38 1e+38 1e+38 1e+38 1e+38 1e+38 1e+38 1e+38 67.9904 1e+38 1e+38 1e+38 1e+38 1e+38 1e+38 1e+38 1e+38 1e+38 1e+38 1e+38 1e+38 1e+38 1e+38 1e+38 1e+38 1e+38 1e+38 1e+38 1e+38 1e+38 1e+38 93.9096 51.0481 1e+38 1e+38 1e+38 1e+38 1e+38 1e+38 1e+38 19.4299 1e+38 1e+38 1e+38 1e+38 1e+38 54.8685 1e+38 1e+38 1e+38 38.0862 1e+38 1e+38 1e+38 1e+38 1e+38 1e+38 1e+38 1e+38 90.6648 1e+38 80.1726 
84.5744 1e+38 1e+38 30.7645 1e+38 1e+38 1e+38 1e+38 21.5153 1e+38 1e+38 1e+38 1e+38 1e+38 1e+38 1e+38 1e+38 1e+38 1e+38 1e+38 1e+38 1e+38 1e+38 1e+38 1e+38 1e+38 1e+38 1e+38 1e+38 1e+38 1e+38 1e+38 83.2978 55.4173 1e+38 1e+38 1e+38 0 1 1e+38 1e+38 1e+38 1e+38 1e+38 49.5906 1e+38 1e+38 1e+38 1e+38 51.7022 1e+38 1e+38 1e+38 1e+38 1e+38 1e+38 1e+38 1e+38 8.57254 1e+38 1e+38 99.8112 1e+38 1e+38 1e+38 1e+38 63.7243 1e+38 1e+38 1e+38 1e+38 1e+38 19.8841 1e+38 13.4832 1e+38 75.3808 1e+38 1e+38 1e+38 1e+38 97.0723 1e+38 1e+38 1e+38 1e+38 1e+38 1e+38 1e+38 1e+38 38.3948 1e+38 1e+38 1e+38 1e+38 1e+38 1e+38 5.12555 41.1315 38.4084 
77.8575 1e+38 1e+38 1e+38 1e+38 1e+38 1e+38 1e+38 1e+38 1e+38 79.6135 1e+38 1e+38 1e+38 1e+38 1e+38 1e+38 1e+38 1e+38 84.0644 1e+38 1e+38 1e+38 1e+38 1e+38 1e+38 96.0959 1e+38 1e+38 1e+38 18.4399 1e+38 1e+38 1e+38 1e+38 1e+38 31.5733 1e+38 0 1 1e+38 1e+38 21.7643 1e+38 1e+38 5.20479 1e+38 1e+38 1e+38 1e+38 34.1277 1e+38 1e+38 1e+38 1e+38 21.032 83.2215 1e+38 1e+38 1e+38 1e+38 1e+38 1e+38 1e+38 1e+38 1e+38 75.1981 1e+38 1e+38 1e+38 1e+38 1e+38 54.4848 39.945 1e+38 1e+38 45.1498 1e+38 1e+38 1e+38 1e+38 1e+38 1e+38 1e+38 1e+38 75.7256 95.2621 1e+38 1e+38 1e+38 1e+38 63.5156 1e+38 1e+38 1e+38 1e+38 1e+38 1e+38 22.9391 21.5333 
1e+38 1e+38 95.433 1e+38 1e+38 1e+38 66.3266 1e+38 1e+38 1e+38 1e+38 1e+38 1e+38 1e+38 84.6196 1e+38 1e+38 1e+38 35.907 41.3042 1e+38 1e+38 1e+38 1e+38 79.5814 1e+38 1e+38 20.1287 99.3483 1e+38 1e+38 1e+38 1e+38 37.095 1e+38 40.7572 1e+38 1e+38 1e+38 0 1 85.0034 1e+38 1e+38 49.5751 1e+38 41.3343 1e+38 1e+38 1e+38 1e+38 1e+38 1e+38 1e+38 1e+38 1e+38 50.4814 1e+38 1e+38 1e+38 76.1582 1e+38 1e+38 1e+38 1e+38 1e+38 1e+38 78.6788 1e+38 43.5797 1e+38 1e+38 1e+38 1e+38 1e+38 78.1581 1e+38 1e+38 1e+38 1e+38 1e+38 1e+38 4.15534 1e+38 35.2036 1e+38 0.0100994 1e+38 1e+38 1e+38 1e+38 1e+38 1e+38 1e+38 35.7017 81.7784 27.2957 1e+38 1e+38 99.9564 
1e+38 1e+38 1e+38 1e+38 1e+38 1e+38 1e+38 25.1886 59.6552 1e+38 1e+38 1e+38 29.868 1e+38 1e+38 1e+38 1e+38 1e+38 1e+38 1e+38 1e+38 86.2713 1e+38 41.3353 1e+38 88.9365 1e+38 8.15763 1.24592 1e+38 1e+38 1e+38 1e+38 1e+38 1e+38 1e+38 1e+38 1e+38 1e+38 1e+38 0 1 95.227 1e+38 1e+38 33.5209 1e+38 1e+38 71.8248 80.5948 1e+38 1e+38 66.866 1e+38 1e+38 1e+38 1e+38 28.371 1e+38 1e+38 1e+38 63.9996 1e+38 53.4666 3.01979 1e+38 1e+38 1e+38 1e+38 1e+38 1e+38 1e+38 1e+38 1e+38 1e+38 1e+38 1e+38 33.3574 1e+38 1e+38 1e+38 1e+38 1e+38 1e+38 1e+38 1e+38 1e+38 1e+38 1e+38 1e+38 1e+38 1e+38 1e+38 46.9341 1e+38 1e+38 1e+38 1e+38 1e+38 50.4046 
1e+38 8.0471 1e+38 1e+38 1e+38 1e+38 22.1627 1e+38 26.034 1e+38 1e+38 1e+38 1e+38 1e+38 1e+38 1e+38 1e+38 49.3505 1e+38 1e+38 1e+38 1e+38 4.62649 1e+38 1e+38 1e+38 1e+38 1e+38 1e+38 1e+38 1e+38 1e+38 1e+38 18.6135 1e+38 1e+38 1e+38 1e+38 64.9398 1e+38 1e+38 0 1 1e+38 1e+38 1e+38 1e+38 1e+38 1e+38 1e+38 45.3942 1e+38 1e+38 50.0207 1e+38 1e+38 1e+38 1e+38 1e+38 1e+38 1e+38 1e+38 1e+38 1e+38 1e+38 1e+38 1e+38 1e+38 99.5276 1e+38 1e+38 1e+38 1e+38 1e+38 1e+38 1e+38 20.5568 26.2362 1e+38 1e+38 77.5646 1e+38 1e+38 1e+38 1e+38 1e+38 1e+38 1e+38 1e+38 1e+38 61.9221 1e+38 1e+38 1e+38 1e+38 6.72602 1e+38 1e+38 1e+38 32.1973 
1e+38 1e+38 1e+38 1e+38 82.1078 1e+38 1e+38 1e+38 1e+38 1e+38 1e+38 33.0026 1e+38 1e+38 1e+38 86.1355 1e+38 1e+38 1e+38 1e+38 63.6228 1e+38 1.29141 1e+38 1e+38 1e+38 1e+38 1e+38 1e+38 1e+38 92.1347 1e+38 1e+38 1e+38 1e+38 1e+38 1e+38 1e+38 39.5292 1e+38 1e+38 1e+38 0 1 1e+38 1e+38 1e+38 62.8572 1e+38 1e+38 1e+38 1e+38 1e+38 1e+38 1e+38 1e+38 1e+38 64.2212 1e+38 1e+38 1e+38 1e+38 1e+38 1e+38 1e+38 1e+38 1e+38 1e+38 1e+38 1e+38 1e+38 1e+38 1e+38 86.356 1e+38 1e+38 1e+38 1e+38 93.7069 1e+38 1e+38 1e+38 1e+38 1e+38 1e+38 1e+38 1e+38 1e+38 1e+38 1e+38 1e+38 1e+38 1e+38 1e+38 1e+38 1e+38 1e+38 1e+38 1e+38 15.9109 
1e+38 24.2132 18.1383 1e+38 10.5692 1e+38 51.4811 1e+38 1.43377 1e+38 59.274 1e+38 1e+38 1e+38 9.65363 1e+38 1e+38 1e+38 1e+38 62.6945 1e+38 1e+38 1e+38 1e+38 67.8457 5.7392 1e+38 1e+38 35.2296 6.50261 96.6629 1e+38 1e+38 14.8012 1e+38 1e+38 1e+38 1e+38 1e+38 1e+38 1e+38 1e+38 1e+38 0 1 1e+38 1e+38 1e+38 0.116869 1e+38 1e+38 1e+38 84.1556 1e+38 1e+38 1e+38 1e+38 46.922 1e+38 1e+38 1e+38 1e+38 72.487 1e+38 1e+38 1e+38 25.4254 1e+38 75.596 78.527 1e+38 1e+38 90.9026 1e+38 1e+38 19.8427 1e+38 1e+38 6.30149 1e+38 1e+38 1e+38 1e+38 1e+38 1e+38 1e+38 1e+38 1e+38 1e+38 1e+38 1e+38 68.5917 1e+38 1e+38 1e+38 72.4567 1e+38 1e+38 1e+38 27.5535 
1e+38 1e+38 1e+38 1e+38 1e+38 1e+38 1e+38 1e+38 1e+38 1e+38 1e+38 2.12206 29.186 1e+38 1e+38 60.9764 28.3704 1e+38 74.8417 1e+38 1e+38 1e+38 1e+38 1e+38 1e+38 1e+38 1e+38 1e+38 1e+38 1e+38 1e+38 99.703 25.0535 1e+38 1e+38 1e+38 1e+38 1e+38 1e+38 77.5088 1e+38 1e+38 79.6309 1e+38 0 1 1e+38 1e+38 78.0819 53.455 1e+38 1e+38 1e+38 1e+38 1e+38 69.1342 1e+38 1e+38 1e+38 1e+38 1e+38 1e+38 17.8776 1e+38 1e+38 65.1676 1e+38 1e+38 1e+38 1e+38 67.5589 1e+38 1e+38 1e+38 1e+38 1e+38 1e+38 64.5886 63.6346 1e+38 18.0435 1e+38 1e+38 1e+38 1e+38 1e+38 46.6441 1e+38 99.0146 1e+38 1e+38 13.8048 1e+38 1e+38 53.6486 1e+38 1e+38 41.7183 1e+38 28.358 
1e+38 1e+38 96.6964 41.0835 1e+38 1e+38 50.0901 1e+38 1e+38 1e+38 1e+38 1e+38 1e+38 1e+38 1e+38 1e+38 1e+38 1e+38 94.8706 1e+38 1e+38 1e+38 1e+38 1e+38 1e+38 46.4692 46.2971 1e+38 1e+38 1e+38 1e+38 1e+38 1e+38 1e+38 1e+38 45.0339 1e+38 1e+38 1e+38 1e+38 1e+38 1e+38 1e+38 1e+38 1e+38 0 1 1e+38 1e+38 1e+38 1e+38 1e+38 1e+38 1e+38 75.696 73.3306 1e+38 1e+38 1e+38 43.682 1e+38 1e+38 1e+38 1e+38 1e+38 1e+38 1e+38 1e+38 1e+38 1e+38 49.8022 1e+38 1e+38 1e+38 1e+38 1e+38 1e+38 68.4368 1e+38 1e+38 1e+38 1e+38 1e+38 67.6043 1e+38 1e+38 1e+38 1e+38 1e+38 1e+38 1e+38 1e+38 1e+38 1e+38 1e+38 1e+38 1e+38 1e+38 1e+38 46.7816 
1e+38 47.6624 1e+38 1e+38 1e+38 1e+38 18.4562 1e+38 1e+38 1e+38 1e+38 13.889 1e+38 1e+38 1e+38 1e+38 1e+38 1e+38 1e+38 1e+38 28.7632 1e+38 1e+38 20.9256 12.7638 1e+38 1e+38 1e+38 1e+38 13.8994 1e+38 1e+38 61.5618 4.52904 1e+38 1e+38 1e+38 1e+38 1e+38 1e+38 1e+38 1e+38 1e+38 35.6152 1e+38 1e+38 0 1 1e+38 1e+38 1e+38 1e+38 1e+38 1e+38 1e+38 1e+38 1e+38 71.6637 1e+38 1e+38 1e+38 1e+38 1e+38 1e+38 1e+38 1e+38 1e+38 1e+38 1e+38 1e+38 1e+38 1e+38 1e+38 1e+38 1e+38 54.9692 1e+38 1e+38 1e+38 1e+38 25.4387 1e+38 45.9492 1e+38 1e+38 1e+38 1e+38 45.054 1e+38 1e+38 1e+38 1e+38 12.2554 1e+38 5.92542 1e+38 1e+38 24.436 63.4836 7.21786 
1e+38 1e+38 76.8611 1e+38 1e+38 1e+38 1e+38 1e+38 1e+38 1e+38 1e+38 1e+38 1e+38 1e+38 17.7335 81.0642 69.1723 1e+38 26.1181 1e+38 87.9731 1e+38 1.21028 1e+38 1e+38 1e+38 1e+38 14.6464 31.5717 1e+38 1e+38 1e+38 1e+38 98.7254 1e+38 1e+38 1e+38 20.4562 1e+38 1e+38 38.5871 1e+38 5.1832 1e+38 1e+38 22.9167 1e+38 0 1 1e+38 1e+38 1e+38 1e+38 1e+38 1e+38 1e+38 3.46395 1e+38 1e+38 1e+38 1e+38 1e+38 1e+38 1e+38 88.2502 27.3725 92.1306 69.095 1e+38 86.4184 1e+38 1e+38 1e+38 1e+38 1e+38 1e+38 1e+38 1e+38 1e+38 1e+38 1e+38 1e+38 92.793 1e+38 1e+38 94.6597 1e+38 1e+38 1e+38 50.1018 1e+38 1e+38 39.6266 1e+38 1e+38 1e+38 1e+38 58.3805 1e+38 51.8446 
44.7989 46.3615 38.2604 1e+38 1e+38 1e+38 1e+38 1e+38 1e+38 1e+38 1e+38 1e+38 1e+38 1e+38 1e+38 1e+38 1e+38 1e+38 1e+38 85.6015 1e+38 37.4649 1e+38 1e+38 1e+38 1e+38 1e+38 1e+38 68.2398 4.42214 1e+38 1e+38 1e+38 1e+38 1e+38 1e+38 1e+38 1e+38 1e+38 1e+38 1e+38 1e+38 1e+38 1e+38 62.0922 1e+38 1e+38 1e+38 0 1 1e+38 1e+38 1e+38 1e+38 93.9124 1e+38 1e+38 1e+38 1e+38 1e+38 5.78488 1e+38 39.4721 1e+38 1e+38 99.6654 1e+38 1e+38 1e+38 1e+38 1e+38 1e+38 1e+38 1e+38 1e+38 1e+38 34.7617 1e+38 1e+38 9.15371 1e+38 1e+38 1e+38 1e+38 1e+38 1e+38 1e+38 1e+38 1e+38 1e+38 1e+38 1e+38 4.9869 1e+38 81.1211 1e+38 1e+38 1e+38 1e+38 89.0934 
1e+38 1e+38 1e+38 1e+38 1e+38 1e+38 1e+38 1e+38 1e+38 1e+38 1e+38 1e+38 1e+38 1e+38 1e+38 82.1042 1e+38 83.6781 1e+38 1e+38 1e+38 1e+38 1e+38 79.408 1e+38 33.9052 1e+38 1e+38 1e+38 1e+38 1e+38 1e+38 82.6686 98.4613 1e+38 1e+38 1e+38 1e+38 1e+38 82.0021 1e+38 35.2981 1e+38 1e+38 1e+38 1e+38 60.7349 1e+38 1e+38 0 1 1e+38 1e+38 1e+38 73.6127 9.52562 1e+38 1e+38 1e+38 1e+38 1e+38 23.5883 26.2031 71.3817 1e+38 1e+38 1e+38 1e+38 1e+38 1e+38 77.435 1e+38 1e+38 1e+38 1e+38 1e+38 1e+38 1e+38 1e+38 32.2194 1e+38 1e+38 26.4241 1e+38 1e+38 1e+38 1e+38 1e+38 80.5174 1e+38 1e+38 1e+38 56.8231 1e+38 1e+38 1e+38 1e+38 1e+38 1e+38 50.8298 
64.7464 51.7406 1e+38 1e+38 1e+38 1e+38 1e+38 40.5066 1e+38 1e+38 1e+38 1e+38 1e+38 1e+38 1e+38 1e+38 1e+38 1e+38 15.771 1e+38 1e+38 1e+38 1e+38 1e+38 1e+38 1e+38 1e+38 1e+38 1e+38 1e+38 1e+38 1e+38 1e+38 1e+38 1e+38 0.207857 1e+38 72.6496 1e+38 1e+38 1e+38 13.4404 1e+38 1e+38 1e+38 29.2948 1e+38 11.7772 1e+38 1e+38 0 1 1e+38 1e+38 1e+38 1e+38 1e+38 1e+38 1e+38 1e+38 1e+38 1e+38 1e+38 1e+38 1e+38 31.5143 1e+38 1e+38 1e+38 1e+38 1e+38 1e+38 1e+38 1e+38 1e+38 1e+38 1e+38 1e+38 1.42259 18.6891 1e+38 92.9039 1e+38 4.126 33.32 1e+38 1e+38 1e+38 1e+38 1e+38 1e+38 1e+38 1e+38 1e+38 23.0137 1e+38 1e+38 1e+38 87.6562 50.2147 
1e+38 1e+38 1e+38 86.5837 1e+38 1e+38 1e+38 52.41 50.9867 77.6517 1e+38 1e+38 1e+38 1e+38 1e+38 1e+38 26.2452 14.525 1e+38 1e+38 1e+38 69.2651 1e+38 1e+38 1e+38 1e+38 1e+38 1e+38 1e+38 1e+38 1e+38 1e+38 52.3034 5.56948 1e+38 1e+38 1e+38 1e+38 1e+38 1e+38 1e+38 15.9884 90.0917 1e+38 1e+38 1e+38 1e+38 1e+38 1e+38 1e+38 1e+38 0 1 1e+38 1e+38 1e+38 0.561666 1e+38 1e+38 1e+38 1e+38 1e+38 1e+38 1e+38 1e+38 1e+38 1e+38 91.3171 1e+38 1e+38 1e+38 1e+38 1e+38 1e+38 1e+38 1e+38 1e+38 1e+38 1e+38 1e+38 1e+38 1e+38 1e+38 1e+38 1e+38 1e+38 1e+38 1e+38 1.62214 42.9536 1e+38 1e+38 42.7827 1e+38 63.398 1e+38 1e+38 12.9169 1e+38 56.5548 
1e+38 1e+38 1e+38 1e+38 1e+38 32.0388 1e+38 1e+38 1e+38 32.6396 1e+38 1e+38 1e+38 1e+38 1e+38 1e+38 1e+38 1e+38 1e+38 1e+38 1e+38 1e+38 1e+38 1e+38 1e+38 32.4255 1e+38 1e+38 1e+38 1e+38 1e+38 52.6674 1e+38 30.2473 70.389 33.1875 1e+38 1e+38 1e+38 1e+38 1e+38 64.3407 1e+38 1e+38 1e+38 1e+38 1e+38 1e+38 1e+38 96.5672 1e+38 1e+38 0 1 1e+38 1e+38 58.6042 1e+38 1e+38 1e+38 1e+38 1e+38 1e+38 1e+38 83.6419 1e+38 63.471 1e+38 1e+38 1e+38 1e+38 1.91008 1e+38 1e+38 1e+38 1e+38 1e+38 1e+38 1e+38 1e+38 1e+38 1e+38 1e+38 1e+38 1e+38 1e+38 1e+38 1e+38 1e+38 1e+38 1e+38 1e+38 1e+38 1e+38 57.7342 1e+38 1e+38 1e+38 1e+38 18.3031 
1e+38 1e+38 1e+38 1e+38 24.2888 15.3141 1e+38 1e+38 1e+38 1e+38 1e+38 1e+38 1e+38 1e+38 1e+38 1e+38 1e+38 1e+38 73.646 1e+38 1e+38 1e+38 1e+38 79.1953 1e+38 1e+38 1e+38 1e+38 1e+38 91.1129 1e+38 48.7501 1e+38 1e+38 1e+38 74.9079 1e+38 1e+38 1e+38 1e+38 1e+38 1e+38 1e+38 1e+38 79.7466 1e+38 1e+38 1e+38 1e+38 1e+38 1e+38 1e+38 1e+38 0 1 1e+38 39.0352 1e+38 1e+38 1e+38 1e+38 1e+38 66.9189 1e+38 1e+38 1e+38 55.875 1e+38 1e+38 1e+38 1e+38 1e+38 1e+38 1e+38 82.5543 1e+38 1e+38 1e+38 16.7402 1e+38 1e+38 1e+38 1e+38 51.0013 1e+38 45.9921 1e+38 1e+38 1e+38 1e+38 1e+38 1e+38 1e+38 2.88291 1e+38 1e+38 0.920577 52.417 1e+38 58.6326 
1e+38 1e+38 1e+38 1e+38 1e+38 27.7978 1e+38 1e+38 1e+38 1e+38 1e+38 27.512 1e+38 1e+38 78.5133 1e+38 1e+38 1e+38 1e+38 1e+38 1e+38 73.6022 1e+38 1e+38 1e+38 1e+38 1e+38 1e+38 1e+38 1e+38 1e+38 1e+38 46.2894 1e+38 1e+38 1e+38 1e+38 1e+38 37.8497 1e+38 1e+38 1e+38 1e+38 1e+38 93.6427 1e+38 96.5829 1e+38 1e+38 1e+38 1e+38 1e+38 1e+38 1e+38 0 1 1e+38 1e+38 1e+38 68.588 1e+38 1e+38 1e+38 1e+38 1e+38 1e+38 1e+38 88.1139 1e+38 1e+38 1e+38 1e+38 1e+38 1e+38 1e+38 1e+38 1e+38 1e+38 1e+38 7.0508 1e+38 1e+38 99.7969 24.7958 1e+38 1e+38 1e+38 1e+38 1e+38 70.8183 1e+38 1e+38 1e+38 2.86659 24.4662 47.605 1e+38 1e+38 1e+38 58.182 
47.6862 1e+38 1e+38 1e+38 58.7133 1e+38 1e+38 1e+38 1e+38 1e+38 1e+38 1e+38 1e+38 1e+38 1e+38 1e+38 1e+38 87.4025 1e+38 4.48507 1e+38 1e+38 1.79055 1e+38 1e+38 1e+38 1e+38 1e+38 1e+38 1e+38 1e+38 1e+38 1e+38 1e+38 1e+38 1e+38 1e+38 1e+38 1e+38 1e+38 1e+38 1e+38 1e+38 1e+38 1e+38 1e+38 1e+38 1e+38 1e+38 1e+38 1e+38 1e+38 1e+38 1e+38 1e+38 0 1 1e+38 1e+38 1e+38 80.4949 1e+38 1e+38 1e+38 1e+38 1e+38 1e+38 44.0138 1e+38 1e+38 1e+38 70.9736 1e+38 1e+38 1e+38 35.8457 1e+38 1e+38 1e+38 1e+38 1e+38 1e+38 1e+38 1e+38 1e+38 1e+38 43.5099 1e+38 1e+38 1e+38 4.51479 1e+38 84.301 1e+38 1e+38 1e+38 38.947 1e+38 1e+38 71.9893 
1e+38 1e+38 1e+38 1e+38 1e+38 1e+38 1e+38 1e+38 1e+38 1e+38 54.1283 1e+38 1e+38 1e+38 1e+38 73.04 1e+38 1e+38 1e+38 70.8101 1e+38 1e+38 1e+38 1e+38 1e+38 1e+38 1e+38 1e+38 1e+38 1e+38 1e+38 18.4615 1e+38 81.578 1e+38 1e+38 1e+38 1e+38 93.4578 1e+38 71.1525 1e+38 1e+38 1e+38 1e+38 1e+38 1e+38 6.16251 1e+38 1e+38 1e+38 1e+38 78.9341 1e+38 1e+38 1e+38 0 1 73.2387 1e+38 1e+38 1e+38 1e+38 1e+38 1e+38 1e+38 1e+38 1e+38 1e+38 1e+38 1e+38 1e+38 1e+38 1e+38 1e+38 1e+38 1e+38 1e+38 1e+38 1e+38 1e+38 31.8259 1e+38 39.9101 1e+38 1e+38 1e+38 1e+38 1e+38 1e+38 1e+38 33.061 1e+38 1e+38 1e+38 1e+38 1e+38 1e+38 1e+38 99.5555 
1e+38 1e+38 1e+38 1e+38 1e+38 1e+38 1e+38 53.0691 74.5524 1e+38 1e+38 1e+38 1e+38 1e+38 1e+38 43.8736 1e+38 1e+38 89.4805 1e+38 1e+38 1e+38 1e+38 1e+38 1e+38 1e+38 1e+38 1e+38 1e+38 1e+38 85.2586 60.5514 1e+38 1e+38 1e+38 1e+38 1e+38 1e+38 1e+38 1e+38 4.56318 1e+38 1e+38 1e+38 1e+38 1e+38 1e+38 1e+38 1e+38 1e+38 1e+38 1e+38 1e+38 1e+38 13.0203 1e+38 1e+38 0 1 1e+38 1e+38 22.729 1e+38 1e+38 76.9372 1e+38 53.5549 1e+38 1e+38 1e+38 32.4431 1e+38 1e+38 1e+38 1e+38 1e+38 8.99703 1e+38 1e+38 1e+38 1e+38 1e+38 1e+38 1e+38 1e+38 59.6566 88.9575 1e+38 1e+38 1e+38 1e+38 1e+38 1e+38 82.4579 1e+38 1e+38 55.1427 1e+38 1e+38 31.5876 
1e+38 25.9511 1e+38 1e+38 1e+38 1e+38 1e+38 1e+38 1e+38 98.4635 1e+38 1e+38 1e+38 1e+38 1e+38 1e+38 1e+38 26.0219 1e+38 1e+38 1e+38 1e+38 1e+38 1e+38 1e+38 1e+38 27.7006 61.9691 1e+38 21.2085 93.5567 1e+38 47.1596 1e+38 1e+38 6.11147 1e+38 1e+38 1e+38 1e+38 1e+38 1e+38 1e+38 44.2214 70.5044 3.94893 1e+38 51.7011 1e+38 44.5311 3.96124 1e+38 1e+38 1e+38 1e+38 1e+38 42.9921 1e+38 0 1 1e+38 31.252 1e+38 80.0957 1e+38 96.0319 1e+38 1e+38 82.6926 1e+38 1e+38 1e+38 1e+38 1e+38 12.0381 79.7361 1e+38 1e+38 1e+38 1e+38 1e+38 1e+38 1e+38 1e+38 99.8492 1e+38 88.9411 1e+38 1e+38 1e+38 1e+38 1e+38 57.8884 1e+38 1e+38 1e+38 1e+38 1e+38 69.6457 79.9584 
1e+38 1e+38 47.7752 1e+38 19.2567 59.8133 1e+38 1e+38 1e+38 1e+38 1e+38 1e+38 1e+38 98.2088 1e+38 1e+38 6.82379 1e+38 1e+38 1e+38 32.7053 1e+38 1e+38 1e+38 1e+38 1e+38 85.8866 1e+38 1e+38 1e+38 1e+38 13.2495 66.5413 1e+38 1e+38 1e+38 1e+38 1e+38 1e+38 1e+38 1e+38 90.8724 1e+38 1e+38 1e+38 1e+38 1e+38 1e+38 87.0785 20.8987 1e+38 1e+38 1e+38 1e+38 10.3776 1e+38 1e+38 1e+38 1e+38 0 1 1e+38 1e+38 1e+38 96.9493 66.3154 1e+38 1e+38 1e+38 1e+38 1e+38 8.86352 1e+38 21.1723 1e+38 1e+38 2.18201 1e+38 97.2462 1e+38 1e+38 20.3175 9.0444 1e+38 1e+38 1e+38 1e+38 41.169 1e+38 1e+38 1e+38 1e+38 85.3761 1e+38 1e+38 1e+38 1e+38 1e+38 1e+38 59.6679 
1e+38 1e+38 1e+38 1e+38 1e+38 1e+38 1e+38 1e+38 1e+38 1e+38 1e+38 1e+38 1e+38 1e+38 1e+38 1e+38 1e+38 1e+38 1e+38 1e+38 1e+38 99.4164 1e+38 1e+38 1e+38 1e+38 1e+38 77.512 1e+38 1e+38 1e+38 1e+38 15.5359 1e+38 1e+38 73.6452 90.16 1e+38 1e+38 1e+38 19.0494 1e+38 1e+38 61.5583 1e+38 1e+38 1e+38 1e+38 1e+38 1e+38 1e+38 1e+38 1e+38 1e+38 1e+38 1e+38 1e+38 1e+38 67.6474 58.9666 0 1 1e+38 1e+38 1e+38 1e+38 1e+38 1e+38 1e+38 1e+38 1e+38 1e+38 1e+38 1e+38 56.6537 1e+38 1e+38 1e+38 1e+38 1e+38 1e+38 1e+38 1e+38 54.7961 1e+38 1e+38 1e+38 1e+38 1e+38 1e+38 1e+38 1e+38 1e+38 1e+38 1e+38 27.9448 1e+38 1e+38 1e+38 21.0292 
1e+38 1e+38 1e+38 19.7088 1e+38 72.7784 88.3557 1e+38 1e+38 1e+38 1e+38 1e+38 1e+38 10.6598 1e+38 1e+38 1e+38 77.0278 1e+38 1e+38 1e+38 1e+38 1e+38 7.01278 1e+38 1e+38 34.9575 1e+38 1e+38 1e+38 1e+38 1e+38 1e+38 1e+38 1e+38 1e+38 1e+38 1e+38 1e+38 1e+38 1e+38 1e+38 1e+38 1e+38 1e+38 1e+38 1e+38 1e+38 1e+38 1e+38 1e+38 1e+38 1e+38 1e+38 1e+38 1e+38 1e+38 1e+38 1e+38 1e+38 1e+38 0 1 1e+38 1e+38 1e+38 1e+38 1e+38 1e+38 1e+38 1e+38 26.751 1e+38 1e+38 1e+38 1e+38 1e+38 1e+38 1e+38 23.8482 1e+38 1e+38 1e+38 1e+38 1e+38 1e+38 1e+38 1e+38 1e+38 1e+38 1e+38 1e+38 1e+38 1e+38 1e+38 1e+38 1e+38 1e+38 39.1809 81.7355 
24.507 1e+38 1e+38 1e+38 1e+38 29.9366 1e+38 1e+38 1e+38 1e+38 1e+38 1e+38 45.047 12.4433 1e+38 1e+38 1e+38 1e+38 1e+38 1e+38 1e+38 1e+38 18.7753 1e+38 1e+38 1e+38 1e+38 1e+38 1e+38 1e+38 62.8575 35.4326 1e+38 1e+38 1e+38 27.0541 1e+38 1e+38 1e+38 1e+38 36.6331 1e+38 1e+38 1e+38 1e+38 1e+38 1e+38 36.1437 1e+38 1e+38 1e+38 28.1825 1e+38 1e+38 93.0731 1e+38 1e+38 1e+38 1e+38 1e+38 85.5722 59.5727 0 1 1e+38 1e+38 1e+38 32.1973 49.1086 1e+38 1e+38 1e+38 1e+38 26.6937 1e+38 1e+38 1e+38 1e+38 1e+38 1e+38 1e+38 1e+38 1e+38 1e+38 1e+38 1e+38 1e+38 1e+38 32.5831 20.6639 1e+38 1e+38 1e+38 1e+38 1e+38 1e+38 1e+38 1e+38 43.3506 54.7764 
1e+38 80.1271 1e+38 1e+38 1e+38 1e+38 1e+38 1e+38 1e+38 80.6099 1e+38 1e+38 1e+38 1e+38 1e+38 1e+38 38.9963 1e+38 1e+38 1e+38 1e+38 1e+38 1e+38 1e+38 1e+38 1e+38 1e+38 1e+38 1e+38 1e+38 50.4618 1e+38 1e+38 1e+38 1e+38 0.688867 1e+38 1e+38 1e+38 1e+38 1e+38 1e+38 1e+38 1e+38 1e+38 1e+38 1e+38 86.9703 1e+38 1e+38 1e+38 1e+38 98.1305 1e+38 1e+38 1e+38 1e+38 1e+38 1e+38 1e+38 1e+38 1e+38 1e+38 0 1 1e+38 1e+38 1e+38 1e+38 1e+38 1e+38 67.7785 1e+38 92.4072 1e+38 1e+38 1e+38 1e+38 29.0063 13.7638 1e+38 1e+38 1e+38 1e+38 1e+38 1e+38 1e+38 1e+38 1e+38 1e+38 1e+38 1e+38 1e+38 1e+38 77.4685 1e+38 1e+38 1e+38 1e+38 98.1271 
6.47427 30.3318 1e+38 1e+38 1e+38 1e+38 1e+38 1e+38 1e+38 71.5787 1e+38 78.5801 1e+38 1e+38 1e+38 94.9748 1e+38 25.3264 1e+38 1e+38 1e+38 1e+38 1e+38 62.183 1e+38 11.7494 1e+38 1e+38 1e+38 1e+38 1e+38 1e+38 1e+38 1e+38 1e+38 1e+38 1e+38 1e+38 1e+38 1e+38 1e+38 1e+38 42.1209 1e+38 1e+38 50.0001 21.2613 1e+38 1e+38 69.5846 1e+38 1e+38 1e+38 1e+38 1e+38 60.5275 1e+38 1e+38 1e+38 1e+38 1e+38 19.619 1e+38 1e+38 0 1 1e+38 30.2633 1e+38 1e+38 1e+38 1e+38 1e+38 1e+38 1e+38 1e+38 1e+38 85.6408 1e+38 1e+38 1e+38 1e+38 1e+38 1e+38 1e+38 27.3018 1e+38 1e+38 1e+38 1e+38 80.9364 9.68469 1e+38 1e+38 1e+38 1e+38 1e+38 38.1262 1e+38 49.6116 
1e+38 1e+38 87.7045 1e+38 1e+38 1e+38 1e+38 1e+38 1e+38 1e+38 73.5516 92.9501 1e+38 1e+38 1e+38 1e+38 1e+38 15.6619 1e+38 1e+38 48.2913 1e+38 1e+38 1e+38 1e+38 1e+38 1e+38 1e+38 1e+38 1e+38 1e+38 1e+38 54.0178 1e+38 1e+38 1e+38 66.1617 1e+38 1e+38 1e+38 56.3191 66.2441 1e+38 1e+38 1e+38 70.8787 74.8316 1e+38 86.5406 88.6831 1e+38 34.8319 1e+38 33.6869 1e+38 1e+38 65.1924 1e+38 1e+38 34.8241 1e+38 1e+38 1e+38 1e+38 1e+38 0 1 1e+38 1e+38 1e+38 1e+38 1e+38 1e+38 1e+38 1e+38 1e+38 1e+38 1e+38 1e+38 23.0785 74.5457 1e+38 1e+38 1e+38 1e+38 1e+38 1e+38 1e+38 95.5759 1e+38 1e+38 1e+38 1e+38 1e+38 1e+38 1e+38 70.7243 1e+38 1e+38 53.4219 
74.5543 1e+38 1e+38 33.7632 1e+38 1e+38 1e+38 1e+38 1e+38 1e+38 1e+38 1e+38 99.8827 1e+38 1e+38 1e+38 1e+38 1e+38 1e+38 1e+38 1e+38 1e+38 1e+38 1e+38 93.9237 1e+38 1e+38 1e+38 1e+38 69.6601 1e+38 86.076 84.7936 1e+38 1e+38 1e+38 1e+38 1e+38 1e+38 1e+38 1e+38 1e+38 1e+38 1e+38 1e+38 1e+38 1e+38 1e+38 1e+38 1e+38 1e+38 1e+38 1e+38 1e+38 1e+38 1e+38 1e+38 1e+38 1e+38 1e+38 1e+38 1e+38 1e+38 1e+38 1e+38 1e+38 0 1 12.201 1e+38 1e+38 1e+38 1e+38 1e+38 93.9932 1e+38 1e+38 1e+38 1e+38 1e+38 1e+38 36.8577 42.533 1e+38 1e+38 1e+38 1e+38 1e+38 1e+38 1e+38 1e+38 1e+38 88.5956 31.9318 1e+38 1e+38 1e+38 39.6275 1e+38 40.5416 
17.8424 1e+38 1e+38 1e+38 1e+38 87.6905 1e+38 1e+38 1e+38 1e+38 1e+38 1e+38 1e+38 1e+38 1e+38 1e+38 89.8808 11.1381 66.6267 1e+38 1e+38 1e+38 1e+38 90.3573 1e+38 1e+38 1e+38 1e+38 1e+38 6.96883 1e+38 1e+38 1e+38 1e+38 95.3807 1e+38 4.19088 1e+38 1e+38 1e+38 1e+38 1e+38 1e+38 1e+38 1e+38 1e+38 34.5721 1e+38 1e+38 1e+38 1e+38 53.2668 1e+38 1e+38 1e+38 1e+38 1e+38 1e+38 1e+38 1e+38 1e+38 1e+38 1e+38 1e+38 1e+38 1e+38 1e+38 0 1 1e+38 1e+38 1e+38 1e+38 1e+38 1e+38 1e+38 1e+38 1e+38 1e+38 1e+38 54.3994 1e+38 1e+38 1e+38 1e+38 1e+38 1e+38 56.5735 1e+38 1e+38 1e+38 35.6639 1e+38 1e+38 1e+38 1e+38 1e+38 6.80299 1e+38 51.4062 
1e+38 1e+38 37.2203 1e+38 1e+38 1e+38 68.5449 1e+38 1e+38 1e+38 1e+38 1e+38 1e+38 24.2894 1e+38 59.7837 1e+38 1e+38 1e+38 1e+38 1e+38 1e+38 1e+38 1e+38 1e+38 1e+38 1e+38 1e+38 1e+38 1e+38 18.0496 1e+38 1e+38 55.2699 1e+38 47.8321 11.1186 1e+38 1e+38 1e+38 1e+38 80.8106 1e+38 1e+38 1e+38 1e+38 1e+38 1e+38 1e+38 1e+38 1e+38 30.182 1e+38 8.64661 1e+38 7.41891 1e+38 1e+38 1e+38 1e+38 1e+38 1e+38 1e+38 1e+38 1e+38 1e+38 18.1003 1e+38 0 1 1e+38 1e+38 1e+38 1e+38 83.2251 1e+38 1e+38 1e+38 1e+38 1e+38 1e+38 1e+38 1e+38 1e+38 1e+38 1e+38 1e+38 1e+38 1e+38 53.3864 1e+38 1e+38 1e+38 1e+38 1e+38 1e+38 1e+38 1e+38 1e+38 57.0914 
1e+38 1e+38 1e+38 1e+38 1e+38 1e+38 1e+38 1e+38 1e+38 1e+38 1e+38 1e+38 1e+38 1e+38 1e+38 1e+38 1e+38 66.3637 1e+38 1e+38 1e+38 1e+38 1e+38 1e+38 1e+38 1e+38 1e+38 1e+38 1e+38 9.50888 1e+38 1e+38 1e+38 1e+38 1e+38 1e+38 97.4754 46.1774 1e+38 64.0258 1e+38 1e+38 79.1603 1e+38 1e+38 1e+38 68.8245 1e+38 1e+38 1e+38 1e+38 1e+38 99.7879 83.8695 17.562 1e+38 1e+38 1e+38 1e+38 64.1342 1e+38 1e+38 1e+38 1e+38 1e+38 56.147 1e+38 1e+38 1e+38 0 1 1e+38 1e+38 1e+38 1e+38 87.4096 71.5598 1e+38 1e+38 1e+38 1e+38 1e+38 1e+38 1e+38 1e+38 1e+38 1e+38 1e+38 1e+38 1e+38 1e+38 1e+38 1e+38 44.4527 1e+38 20.9677 1e+38 1e+38 1e+38 2.92424 
1e+38 1e+38 1e+38 1e+38 1e+38 1e+38 1e+38 1e+38 1e+38 1e+38 1e+38 1e+38 1e+38 1e+38 1e+38 1e+38 20.8202 1e+38 1e+38 1e+38 1e+38 1e+38 1e+38 1e+38 58.9755 1e+38 1e+38 1e+38 1e+38 1e+38 1e+38 1e+38 1e+38 1e+38 1e+38 1e+38 1e+38 52.1814 1e+38 1e+38 96.3302 1e+38 1e+38 1e+38 1e+38 1e+38 74.8359 52.6954 86.901 1e+38 1e+38 10.8903 1e+38 1e+38 1e+38 1e+38 1e+38 1e+38 1e+38 1e+38 1e+38 1e+38 1e+38 1e+38 1e+38 1e+38 1e+38 27.3511 1e+38 1e+38 0 1 1e+38 1e+38 79.9702 1e+38 1e+38 1e+38 1e+38 1e+38 4.29157 1e+38 1e+38 1e+38 1e+38 76.263 1e+38 1e+38 1e+38 1e+38 1e+38 1e+38 1e+38 1e+38 1e+38 1e+38 59.5592 1e+38 1e+38 67.274 
1e+38 56.8998 1e+38 26.8124 1.08875 1e+38 1e+38 1e+38 1e+38 60.43 62.6354 1e+38 1e+38 1e+38 1e+38 21.7568 1e+38 1e+38 1e+38 1e+38 1e+38 1e+38 1e+38 1e+38 1e+38 1e+38 1e+38 1e+38 1e+38 1e+38 1e+38 1e+38 1e+38 1e+38 1e+38 1e+38 27.4361 1e+38 40.3723 1e+38 1e+38 3.00769 1e+38 1e+38 50.7571 22.605 1e+38 1e+38 1e+38 1e+38 1e+38 1e+38 1e+38 5.45237 1e+38 1e+38 1e+38 1e+38 1e+38 1e+38 1e+38 1e+38 24.6644 58.6162 1e+38 1e+38 1e+38 1e+38 1e+38 1e+38 1e+38 0 1 1e+38 1e+38 1e+38 1e+38 1e+38 1e+38 70.7794 48.6045 46.904 1e+38 1e+38 1e+38 1e+38 1e+38 1e+38 1e+38 1e+38 19.5519 27.7883 1e+38 44.2162 1e+38 1e+38 1e+38 96.9815 1e+38 41.6155 
47.9309 1e+38 92.0539 1e+38 1e+38 1e+38 1e+38 53.6299 1e+38 1e+38 1e+38 1e+38 1e+38 1e+38 1e+38 85.3462 1e+38 1e+38 1e+38 1e+38 1e+38 1e+38 1e+38 1e+38 1e+38 1e+38 1e+38 1e+38 1e+38 1e+38 1e+38 16.9991 1e+38 1e+38 18.887 1e+38 97.5239 1e+38 1e+38 56.494 1e+38 1e+38 1e+38 44.5646 1e+38 1e+38 1e+38 1e+38 1e+38 1e+38 1e+38 1e+38 1e+38 1e+38 1e+38 1e+38 1e+38 1e+38 1e+38 1e+38 1e+38 1e+38 1e+38 13.3517 1e+38 1e+38 1e+38 1e+38 1e+38 1e+38 53.3988 1e+38 0 1 1e+38 1e+38 1e+38 1e+38 1e+38 1e+38 69.2971 83.9254 1e+38 1e+38 1e+38 1e+38 1e+38 63.5838 1e+38 1e+38 1e+38 1e+38 1e+38 1e+38 1e+38 1e+38 1e+38 1e+38 1e+38 57.607 
47.2317 1e+38 25.4975 1e+38 1e+38 37.9527 1e+38 1e+38 1e+38 1.91633 1e+38 1e+38 1e+38 1e+38 62.4162 23.553 1e+38 1e+38 1e+38 1e+38 1e+38 1e+38 1e+38 61.2563 1e+38 1e+38 1e+38 1e+38 1e+38 1e+38 75.0239 1e+38 1e+38 1e+38 1e+38 22.1417 1e+38 1e+38 1e+38 1e+38 1e+38 1e+38 1e+38 59.7187 1e+38 1e+38 1e+38 1e+38 1e+38 1e+38 45.0486 84.4939 1e+38 1e+38 1e+38 1e+38 1e+38 93.483 1e+38 1e+38 1e+38 1e+38 1e+38 1e+38 25.1579 1e+38 1e+38 1e+38 1e+38 1e+38 1e+38 1e+38 1e+38 0 1 74.5863 81.658 1e+38 1e+38 1e+38 81.7938 1e+38 1e+38 97.8637 75.048 1e+38 1e+38 1e+38 15.7184 1e+38 1e+38 1e+38 1e+38 16.2055 1e+38 1e+38 38.7628 1e+38 93.098 33.2809 
1e+38 1e+38 1e+38 1e+38 1e+38 1e+38 14.0176 8.01392 41.1749 1e+38 1e+38 1e+38 1e+38 1e+38 1e+38 1e+38 1e+38 50.8916 2.78016 1e+38 1e+38 1e+38 1e+38 1e+38 1e+38 1e+38 1e+38 37.2624 35.0051 1e+38 1e+38 1e+38 1e+38 1e+38 1e+38 1e+38 1e+38 18.8205 1e+38 1e+38 1e+38 1e+38 1e+38 1e+38 1e+38 1e+38 1e+38 42.5491 1e+38 29.9502 1e+38 1e+38 1e+38 11.7526 3.31104 1e+38 1e+38 1e+38 1e+38 1e+38 25.084 1e+38 1e+38 1e+38 1e+38 1e+38 1e+38 1e+38 23.3186 1e+38 1e+38 1e+38 1e+38 1e+38 0 1 1e+38 16.1522 38.3901 26.9743 1e+38 1e+38 1e+38 1e+38 1e+38 1e+38 1e+38 1e+38 66.3734 1e+38 1e+38 1e+38 1e+38 1e+38 49.4996 1e+38 1e+38 1e+38 1e+38 68.2897 
1e+38 1e+38 1e+38 3.5577 1e+38 1e+38 1e+38 1e+38 1e+38 1e+38 73.3398 1e+38 33.1721 1e+38 1e+38 40.3079 1e+38 1e+38 1e+38 1e+38 1e+38 87.5402 1e+38 1e+38 1e+38 1e+38 1e+38 1e+38 1e+38 1e+38 1e+38 93.205 1e+38 1e+38 96.7627 1e+38 1e+38 1e+38 20.4896 89.4209 1e+38 1e+38 1e+38 1e+38 1e+38 1e+38 1e+38 1e+38 1e+38 1e+38 63.9135 1e+38 1e+38 1e+38 1e+38 1e+38 1e+38 1e+38 42.7301 1e+38 83.7 1e+38 98.9016 1e+38 1e+38 1e+38 1e+38 1e+38 1e+38 1e+38 98.9854 1e+38 1e+38 1e+38 1e+38 0 1 0.328222 1e+38 26.8601 1e+38 45.5579 1e+38 1e+38 1e+38 1e+38 1e+38 1e+38 1e+38 1e+38 1e+38 1e+38 1e+38 1e+38 1e+38 1e+38 99.0753 50.6759 1e+38 90.901 
1e+38 1e+38 1e+38 1e+38 1e+38 1e+38 1e+38 1e+38 9.90314 1e+38 1e+38 1e+38 1e+38 1e+38 1e+38 1e+38 1e+38 1e+38 1e+38 1e+38 1e+38 1e+38 1e+38 1e+38 55.1448 1e+38 1e+38 1e+38 1e+38 1e+38 1e+38 1e+38 1e+38 1e+38 1e+38 89.8748 1e+38 1e+38 1e+38 1e+38 1e+38 1e+38 1e+38 1e+38 72.2656 1e+38 1e+38 1e+38 1e+38 1e+38 1e+38 1e+38 1e+38 1e+38 96.5966 11.5151 39.6609 1e+38 1e+38 1e+38 70.5022 10.8564 1e+38 1e+38 1e+38 1e+38 1e+38 1e+38 1e+38 84.0412 1e+38 69.389 59.7209 1e+38 1e+38 1e+38 0 1 1e+38 1e+38 1e+38 1e+38 1e+38 1e+38 1e+38 1e+38 1e+38 1e+38 1e+38 1e+38 1e+38 1e+38 1e+38 1e+38 1e+38 57.5689 1e+38 1e+38 1e+38 63.4966 
1e+38 1e+38 32.8856 1e+38 1e+38 1e+38 1e+38 1e+38 1e+38 1e+38 85.7167 1e+38 1e+38 1e+38 1e+38 1e+38 1e+38 92.6434 60.9496 1e+38 1e+38 1e+38 1e+38 1e+38 40.5977 1e+38 1e+38 1e+38 1e+38 1e+38 1e+38 1e+38 1e+38 1e+38 1e+38 1e+38 1e+38 1e+38 1e+38 1e+38 1e+38 1e+38 1e+38 1e+38 1e+38 1e+38 1e+38 1e+38 1e+38 1e+38 1e+38 15.9851 1e+38 1e+38 1e+38 1e+38 1e+38 76.7859 1e+38 1e+38 1e+38 1e+38 1e+38 1e+38 1e+38 1e+38 60.8324 66.7707 1e+38 1e+38 1e+38 1e+38 1e+38 1e+38 1e+38 29.4767 80.5372 0 1 1e+38 83.502 75.0604 1e+38 1e+38 1e+38 1e+38 1e+38 1e+38 1e+38 1e+38 1e+38 1e+38 1e+38 41.5864 1e+38 41.4158 1e+38 1e+38 1e+38 28.9572 
35.5406 1e+38 1e+38 1e+38 1e+38 1e+38 1e+38 64.1978 1e+38 1e+38 1e+38 1e+38 1e+38 1e+38 1e+38 1e+38 1e+38 1e+38 1e+38 1e+38 1e+38 1e+38 1e+38 1e+38 41.726 1e+38 1e+38 1e+38 88.0332 1e+38 1e+38 1e+38 1e+38 1e+38 1e+38 1e+38 1e+38 1e+38 28.7487 1.21655 1e+38 1e+38 1e+38 1e+38 1e+38 1e+38 1e+38 1e+38 1e+38 24.8456 1e+38 1e+38 1e+38 1e+38 1e+38 1e+38 1e+38 69.4925 1e+38 1e+38 1e+38 1e+38 1e+38 1e+38 1e+38 1e+38 36.0605 1e+38 1e+38 1e+38 1e+38 29.0987 1e+38 1e+38 1e+38 50.1683 1.19101 1e+38 0 1 56.6368 1e+38 1e+38 1e+38 1e+38 1e+38 1e+38 1e+38 1e+38 1e+38 1e+38 28.7618 1e+38 1e+38 1e+38 1e+38 1e+38 36.3318 1e+38 67.1483 
1e+38 1e+38 1e+38 1e+38 1e+38 1e+38 1e+38 1e+38 1e+38 1e+38 1e+38 1e+38 30.1168 1e+38 1e+38 1e+38 1e+38 7.62339 1e+38 1e+38 1e+38 1e+38 1e+38 1e+38 1e+38 1e+38 1e+38 1e+38 53.7591 1e+38 1e+38 1e+38 1e+38 1e+38 1e+38 1e+38 1e+38 82.5033 1e+38 1e+38 1e+38 1e+38 82.3781 1e+38 1e+38 1e+38 53.2858 1e+38 1e+38 1e+38 1e+38 1e+38 1e+38 1e+38 1e+38 1e+38 1e+38 1e+38 1e+38 1e+38 1e+38 45.8678 1e+38 1e+38 1e+38 1e+38 1e+38 23.9835 1e+38 1e+38 1e+38 1e+38 1e+38 1e+38 1e+38 61.7748 52.7395 1e+38 1e+38 0 1 44.904 1e+38 1e+38 97.8217 1e+38 1e+38 1e+38 1e+38 1e+38 1e+38 60.259 1e+38 1e+38 59.8136 1e+38 93.8967 62.9465 1e+38 99.0217 
1e+38 14.2309 91.5275 1e+38 1e+38 1.53072 1e+38 1e+38 1e+38 1e+38 80.0729 27.4794 1e+38 1e+38 1e+38 1e+38 1e+38 66.2525 1e+38 1e+38 1e+38 1e+38 1e+38 1e+38 1e+38 1e+38 1e+38 1e+38 1e+38 1e+38 1e+38 1e+38 1e+38 1e+38 1e+38 49.5077 1e+38 11.1157 1e+38 72.9016 1e+38 1e+38 0.38101 1e+38 1e+38 1e+38 1e+38 31.4189 1e+38 1e+38 1e+38 1e+38 1e+38 1e+38 1e+38 1e+38 13.9452 1e+38 1e+38 1e+38 1e+38 1e+38 1e+38 1e+38 1e+38 1e+38 1e+38 1e+38 1e+38 1e+38 1e+38 36.0268 1e+38 92.1817 1e+38 1e+38 1e+38 29.1264 1e+38 1e+38 0 1 1e+38 1e+38 1e+38 1e+38 53.8082 77.3792 1e+38 1e+38 1e+38 1e+38 1e+38 1e+38 1e+38 1e+38 1e+38 1e+38 1e+38 11.9851 
2.565 1e+38 1e+38 1e+38 61.016 1e+38 1e+38 1e+38 1e+38 1e+38 1e+38 1e+38 1e+38 1e+38 74.518 1e+38 1e+38 1e+38 1e+38 1e+38 71.3771 1e+38 1e+38 18.6942 55.2194 41.7013 1e+38 1e+38 1e+38 1e+38 1e+38 1.4584 1e+38 1e+38 1e+38 1e+38 1e+38 1e+38 1e+38 1e+38 1e+38 1e+38 1e+38 90.4469 1e+38 1e+38 1e+38 1e+38 1e+38 1e+38 1e+38 1e+38 1e+38 1e+38 1e+38 1e+38 1e+38 1e+38 67.9185 1e+38 67.4251 1e+38 1e+38 1e+38 1e+38 52.8116 1e+38 5.17047 1e+38 1e+38 1e+38 1e+38 53.9348 1e+38 1e+38 1e+38 17.194 1e+38 1e+38 1e+38 1e+38 0 1 1e+38 1e+38 1e+38 1e+38 1e+38 1e+38 1e+38 1e+38 1e+38 1e+38 1e+38 89.7406 1e+38 1e+38 1e+38 1e+38 5.49392 
1e+38 1e+38 1e+38 1e+38 1e+38 1e+38 1e+38 1e+38 1e+38 1e+38 1e+38 1e+38 1e+38 1e+38 95.292 1e+38 1e+38 1e+38 53.4621 1e+38 50.6451 1e+38 1e+38 1e+38 1e+38 1e+38 1e+38 1e+38 1e+38 1e+38 1e+38 1e+38 1e+38 55.0162 1e+38 1e+38 1e+38 1e+38 1e+38 21.1533 1e+38 80.8922 1e+38 1e+38 4.22703 1e+38 1e+38 1e+38 1e+38 1e+38 1e+38 35.6325 1e+38 1e+38 67.7772 1e+38 57.6502 1e+38 64.9328 1e+38 1e+38 1e+38 1e+38 1e+38 1e+38 32.6146 1e+38 1e+38 1e+38 1e+38 1e+38 1e+38 1e+38 1e+38 1e+38 1e+38 1e+38 1e+38 1e+38 1e+38 1e+38 1e+38 0 1 1e+38 1e+38 1e+38 1e+38 1e+38 17.0274 1e+38 1e+38 39.6408 1e+38 1e+38 1e+38 89.9045 8.16944 1e+38 66.9551 
1e+38 1e+38 1e+38 77.0862 1e+38 1e+38 6.21771 1e+38 1e+38 1e+38 1e+38 1e+38 1e+38 1e+38 77.134 67.0269 1e+38 1e+38 1e+38 81.1577 1e+38 1e+38 1e+38 1e+38 1e+38 1e+38 1e+38 93.882 53.865 1e+38 60.837 6.04671 1e+38 1e+38 1e+38 1e+38 1e+38 1e+38 1e+38 1e+38 1e+38 1e+38 1e+38 1e+38 1e+38 1e+38 1e+38 1e+38 1e+38 1e+38 1e+38 61.4912 76.3111 1e+38 1e+38 80.2885 1e+38 50.5551 1e+38 1e+38 1e+38 1e+38 1e+38 1e+38 11.0477 1e+38 1e+38 1e+38 1e+38 41.5878 1e+38 1e+38 1e+38 69.7177 1e+38 1e+38 1e+38 1e+38 25.3413 1e+38 1e+38 23.0185 32.4506 0 1 1e+38 38.2183 1e+38 1e+38 1e+38 1e+38 1e+38 1e+38 1e+38 1e+38 1e+38 1e+38 1e+38 1e+38 79.2816 
1e+38 1e+38 1e+38 1e+38 1e+38 1e+38 18.4133 1e+38 56.8782 1e+38 5.44859 1e+38 1e+38 1e+38 96.4267 1e+38 17.7378 1e+38 1e+38 1e+38 1e+38 1e+38 1e+38 1e+38 1e+38 54.379 1e+38 1e+38 1e+38 1e+38 1e+38 1e+38 1e+38 1e+38 1e+38 1e+38 1e+38 1e+38 1e+38 1e+38 1e+38 1e+38 1e+38 1e+38 1e+38 1e+38 1e+38 1e+38 38.3442 1e+38 1e+38 1e+38 35.7347 1e+38 1e+38 1e+38 1e+38 1e+38 1e+38 17.4119 1e+38 1e+38 1e+38 1e+38 1e+38 1e+38 1e+38 1e+38 1e+38 1e+38 1e+38 1e+38 1e+38 27.6653 1e+38 51.6996 1e+38 1e+38 1e+38 69.7088 1e+38 1e+38 1e+38 1e+38 0 1 1e+38 1e+38 1e+38 1e+38 1e+38 1e+38 1e+38 1e+38 1e+38 1e+38 1e+38 1e+38 1e+38 75.7958 
34.1378 1e+38 1e+38 1e+38 1e+38 1e+38 1e+38 1e+38 68.8989 1e+38 1e+38 1e+38 1e+38 1e+38 1e+38 1e+38 1e+38 1e+38 1e+38 45.0287 1e+38 80.0832 1e+38 1e+38 1e+38 91.584 1e+38 1e+38 1e+38 1e+38 74.3707 1e+38 1e+38 1e+38 1e+38 1e+38 1e+38 93.6353 1e+38 1e+38 1e+38 63.5833 1e+38 1e+38 1e+38 1e+38 1e+38 1e+38 1e+38 1e+38 1e+38 1e+38 1e+38 1e+38 1e+38 1e+38 1e+38 1e+38 1e+38 1e+38 2.68035 1e+38 1e+38 1e+38 45.3023 1e+38 32.9921 8.72977 56.3122 1e+38 41.0561 1e+38 1e+38 1e+38 1e+38 78.8288 1e+38 1e+38 1e+38 1e+38 1e+38 1e+38 1e+38 1e+38 1e+38 0 1 1e+38 1e+38 1e+38 1e+38 1e+38 1e+38 8.58549 1e+38 1e+38 1e+38 1e+38 1e+38 27.5746 
86.517 1e+38 1e+38 1e+38 1e+38 1e+38 1e+38 1e+38 66.2326 1e+38 1e+38 1e+38 1e+38 1e+38 1e+38 1e+38 1e+38 1e+38 1e+38 1e+38 1e+38 1e+38 1e+38 1e+38 1e+38 1e+38 1e+38 1e+38 99.9843 1e+38 1e+38 1e+38 44.1546 1e+38 45.7078 56.5446 1e+38 1e+38 20.3991 1e+38 1e+38 1e+38 1e+38 1e+38 1e+38 1e+38 1e+38 25.847 1e+38 1e+38 34.222 8.73276 1e+38 1e+38 1e+38 1e+38 1e+38 1e+38 1e+38 34.9352 1e+38 1e+38 21.4365 1e+38 1e+38 67.1443 1e+38 1e+38 1e+38 1e+38 1e+38 1e+38 1e+38 1e+38 1e+38 84.0424 80.6145 1e+38 1e+38 36.3731 1e+38 1e+38 45.1058 1e+38 1e+38 1e+38 0 1 1e+38 1e+38 26.3745 1e+38 41.7734 1e+38 1e+38 1e+38 1e+38 80.6944 1e+38 65.8428 
1e+38 1e+38 1e+38 58.6921 1e+38 1e+38 1e+38 1e+38 1e+38 1e+38 1e+38 22.9707 1e+38 1e+38 1e+38 1e+38 1e+38 1e+38 1e+38 1e+38 58.6704 1e+38 1e+38 1e+38 1e+38 1e+38 47.4874 1e+38 1e+38 1e+38 1e+38 93.4458 1e+38 1e+38 1e+38 1e+38 1e+38 1e+38 1e+38 67.9587 1e+38 1e+38 1e+38 44.2314 1e+38 63.3355 97.4551 1e+38 1e+38 1e+38 27.1047 1e+38 1e+38 1e+38 1e+38 1e+38 1e+38 1e+38 1e+38 1e+38 1e+38 1e+38 1e+38 1e+38 1e+38 1e+38 1e+38 1e+38 1e+38 43.306 1e+38 33.7751 1e+38 1e+38 1e+38 1e+38 1e+38 1e+38 1e+38 1e+38 17.5796 1e+38 1e+38 1e+38 1e+38 1e+38 1e+38 0 1 1e+38 1e+38 1e+38 1e+38 1e+38 1e+38 1e+38 1e+38 1e+38 1e+38 45.9481 
1e+38 1e+38 1e+38 1e+38 1e+38 1e+38 1e+38 1e+38 1e+38 1e+38 1e+38 1e+38 50.3274 1e+38 1e+38 1e+38 1e+38 1e+38 1e+38 72.7527 1e+38 1e+38 46.3193 1e+38 1e+38 1e+38 1e+38 1e+38 1e+38 1e+38 1e+38 1e+38 1e+38 1e+38 1e+38 1e+38 1e+38 1e+38 1e+38 1e+38 1e+38 1e+38 29.3614 1e+38 1e+38 1e+38 89.6746 1e+38 1e+38 1e+38 1e+38 27.9056 1e+38 1e+38 1e+38 1e+38 1e+38 21.5284 93.1416 1e+38 1e+38 1e+38 1e+38 1e+38 88.7583 1e+38 1e+38 1e+38 1e+38 1e+38 1e+38 1e+38 1e+38 1e+38 1e+38 91.2073 52.9773 1e+38 1e+38 1e+38 1e+38 1e+38 35.9957 17.7696 22.9595 1e+38 1e+38 1e+38 0 1 1e+38 1e+38 1e+38 1e+38 1e+38 1e+38 1e+38 1e+38 1e+38 41.8267 
1e+38 1e+38 1e+38 1e+38 1e+38 1e+38 29.9509 1e+38 1e+38 1e+38 1e+38 1e+38 1e+38 1e+38 1e+38 1e+38 48.6771 1e+38 1e+38 1e+38 1e+38 1e+38 1e+38 1e+38 1e+38 15.2024 1e+38 1e+38 1e+38 1e+38 1e+38 1e+38 1e+38 1e+38 22.683 1e+38 1e+38 1e+38 1e+38 1e+38 20.4346 1e+38 1e+38 1e+38 1e+38 1e+38 1e+38 38.3859 9.75483 1e+38 1e+38 1e+38 96.6352 1e+38 1e+38 1e+38 1e+38 1e+38 1e+38 1e+38 1e+38 1e+38 1e+38 1e+38 1e+38 1e+38 79.9153 1e+38 1e+38 1e+38 1e+38 1e+38 1e+38 1e+38 1e+38 1e+38 1e+38 1e+38 1e+38 1e+38 68.9729 1e+38 1e+38 65.608 1e+38 1e+38 1e+38 1e+38 14.2293 0 1 1e+38 1e+38 1e+38 1e+38 21.939 51.5233 1e+38 1e+38 3.70262 
97.0037 1e+38 1e+38 1e+38 70.9113 1e+38 1e+38 1e+38 1e+38 38.9705 1e+38 1e+38 1e+38 1e+38 1e+38 1e+38 27.6528 1e+38 1e+38 1e+38 1e+38 1e+38 1e+38 1e+38 1e+38 1e+38 1e+38 1e+38 1e+38 1e+38 1e+38 1e+38 1e+38 1e+38 1e+38 46.2587 1e+38 1e+38 1e+38 1e+38 1e+38 1e+38 51.8151 1e+38 1e+38 1e+38 1e+38 1e+38 18.2662 1e+38 1e+38 1e+38 1e+38 1e+38 1e+38 82.8867 1e+38 1e+38 1e+38 1e+38 1e+38 1e+38 19.9992 42.8745 1e+38 1e+38 1e+38 1e+38 1e+38 1e+38 1e+38 1e+38 1e+38 1e+38 1e+38 1e+38 1e+38 1e+38 1e+38 1e+38 1e+38 1e+38 60.8119 6.06668 1e+38 1e+38 1e+38 1e+38 1e+38 1e+38 0 1 1e+38 1e+38 1e+38 1e+38 1e+38 1e+38 1e+38 54.7598 
1e+38 1e+38 1e+38 1e+38 1e+38 1e+38 1e+38 1e+38 1e+38 1e+38 1e+38 1e+38 1e+38 1e+38 1e+38 1e+38 1e+38 1e+38 1e+38 1e+38 1e+38 1e+38 89.7465 1e+38 1e+38 11.555 60.5092 1e+38 1e+38 1e+38 1e+38 1e+38 1e+38 1e+38 43.5937 1e+38 65.4373 1e+38 1e+38 1e+38 1e+38 1e+38 1e+38 1e+38 1e+38 1e+38 1e+38 1e+38 1e+38 1e+38 29.2207 91.1038 1e+38 18.9672 47.9911 85.0758 30.5221 1e+38 1e+38 1e+38 1e+38 1e+38 1e+38 24.2815 1e+38 1e+38 1e+38 9.91866 1e+38 90.1456 1e+38 1e+38 1e+38 1e+38 1e+38 1e+38 1e+38 1e+38 82.4273 1e+38 1e+38 1e+38 1e+38 51.5375 1e+38 1e+38 1e+38 1e+38 12.8197 18.6684 1e+38 0 1 1e+38 1e+38 1e+38 1e+38 1e+38 1e+38 69.1802 
1e+38 60.0065 1e+38 1e+38 1e+38 1e+38 1e+38 1e+38 1e+38 1e+38 1e+38 1e+38 1e+38 1e+38 64.3179 1e+38 1e+38 1e+38 1e+38 1e+38 1e+38 74.2531 1e+38 1e+38 1e+38 1e+38 1e+38 1e+38 1e+38 1e+38 1e+38 13.2582 1e+38 1e+38 23.5087 38.1261 1e+38 1e+38 1e+38 1e+38 1e+38 1e+38 1e+38 1e+38 1e+38 17.9879 1e+38 1e+38 1e+38 1e+38 1e+38 1e+38 1e+38 1e+38 1e+38 1e+38 1e+38 1e+38 1e+38 74.5588 55.4559 1.57064 1e+38 91.3312 1e+38 1e+38 29.4573 1e+38 1e+38 1e+38 1e+38 63.579 1e+38 1e+38 1e+38 1e+38 1e+38 1e+38 1e+38 1e+38 1e+38 1e+38 1e+38 1e+38 1e+38 1e+38 1e+38 1e+38 1e+38 63.947 1e+38 1e+38 0 1 1e+38 1e+38 1e+38 1e+38 1e+38 82.0832 
1e+38 1e+38 45.6622 1e+38 11.6941 1e+38 1e+38 1e+38 1e+38 1e+38 1e+38 1e+38 1e+38 1e+38 1e+38 1e+38 1e+38 1e+38 21.2424 1e+38 1e+38 1e+38 1e+38 1e+38 1e+38 1e+38 1e+38 1e+38 41.0254 1e+38 1e+38 32.5022 1e+38 57.4573 1e+38 1e+38 1e+38 1e+38 1e+38 1e+38 1e+38 1e+38 1e+38 1e+38 40.1373 1e+38 80.8745 54.2298 1e+38 1e+38 1e+38 1e+38 1e+38 1e+38 1e+38 1e+38 1e+38 1e+38 83.6402 1e+38 1e+38 95.4353 0.402042 1e+38 1e+38 1e+38 54.296 1e+38 1e+38 1e+38 1e+38 1e+38 1e+38 32.2229 1e+38 1e+38 1e+38 81.013 1e+38 1e+38 83.1299 1e+38 76.9081 1e+38 60.8154 1e+38 1e+38 87.6899 1e+38 1e+38 1e+38 23.1145 1e+38 0 1 1e+38 1e+38 8.9617 1e+38 39.4598 
1e+38 1e+38 1e+38 1e+38 1e+38 1e+38 1e+38 1e+38 1e+38 82.1363 1e+38 44.97 18.7469 1e+38 1e+38 1e+38 1e+38 1e+38 1e+38 1e+38 1e+38 1e+38 1e+38 90.7741 1e+38 1e+38 1e+38 1e+38 1e+38 1e+38 1e+38 1e+38 1e+38 1e+38 1e+38 1e+38 1e+38 1e+38 1e+38 1e+38 1e+38 1e+38 1e+38 1e+38 1e+38 1e+38 1e+38 1e+38 1e+38 1e+38 1e+38 1e+38 1e+38 1e+38 1e+38 1e+38 1e+38 1e+38 1e+38 1e+38 1e+38 1e+38 1e+38 1e+38 1e+38 1e+38 1e+38 1e+38 1e+38 1e+38 1e+38 1e+38 1e+38 1e+38 9.38743 1e+38 1e+38 57.046 14.5201 67.5099 1e+38 1e+38 1e+38 1e+38 1e+38 1e+38 1e+38 1e+38 1e+38 1e+38 1e+38 1e+38 59.1879 1e+38 0 1 1e+38 39.5523 1e+38 80.9139 
56.9132 1e+38 1e+38 1e+38 1e+38 1e+38 1e+38 1e+38 1e+38 1e+38 1e+38 1e+38 1e+38 1e+38 1e+38 1e+38 1e+38 1e+38 56.0361 1e+38 26.2355 1e+38 37.0959 1e+38 1e+38 0.528582 1e+38 1e+38 1e+38 1e+38 1e+38 1e+38 1e+38 1e+38 1e+38 1e+38 1e+38 1e+38 1e+38 1e+38 1e+38 23.8307 1e+38 1e+38 1e+38 94.2698 1e+38 79.4559 1e+38 94.3454 1e+38 1e+38 1e+38 1e+38 2.52877 1e+38 1e+38 1e+38 1e+38 1e+38 1e+38 1e+38 1e+38 1e+38 1e+38 1e+38 35.2874 1e+38 1e+38 41.6153 1e+38 35.1373 1e+38 1e+38 1e+38 31.1183 92.6265 1e+38 1e+38 1e+38 1e+38 1e+38 0.601911 1e+38 87.2321 1e+38 27.9475 1e+38 1e+38 0.164904 1e+38 1e+38 93.3161 1e+38 1e+38 0 1 1e+38 1e+38 80.8711 
1e+38 1e+38 1e+38 1e+38 1e+38 1e+38 1e+38 1e+38 18.2086 34.2033 1e+38 32.8086 1e+38 1e+38 1e+38 1e+38 1e+38 56.506 1e+38 1e+38 56.671 1e+38 51.1661 1e+38 1e+38 1e+38 1e+38 79.5381 1e+38 1e+38 1e+38 1e+38 1e+38 1e+38 1e+38 48.6159 1e+38 1e+38 1e+38 1e+38 1e+38 44.117 25.3887 1e+38 1e+38 53.9472 80.5343 1e+38 1e+38 1e+38 1e+38 1e+38 1e+38 58.5715 17.1113 1e+38 1e+38 1e+38 1e+38 1e+38 1e+38 1e+38 1e+38 1e+38 57.0359 1e+38 1e+38 1e+38 96.8545 1e+38 1e+38 1e+38 99.5165 1e+38 1e+38 33.7343 3.32335 1e+38 1e+38 1e+38 1e+38 1e+38 80.9009 1e+38 1e+38 1e+38 1e+38 87.06 1e+38 1e+38 33.7372 1e+38 1e+38 1e+38 1e+38 1e+38 0 1 1e+38 57.9836 
1e+38 1e+38 1e+38 1e+38 1e+38 1e+38 1e+38 1e+38 1e+38 14.4223 33.1998 1e+38 83.0112 1e+38 1e+38 10.1716 1e+38 42.6658 1e+38 1e+38 1e+38 1e+38 1e+38 70.6335 1e+38 82.2789 1e+38 1e+38 46.8675 1e+38 1e+38 1e+38 1e+38 1e+38 1e+38 1e+38 22.1688 1e+38 1e+38 1e+38 1e+38 60.1452 1e+38 37.0328 1e+38 1e+38 1e+38 1e+38 1e+38 1e+38 1e+38 1e+38 1e+38 11.6598 1e+38 1e+38 1e+38 1e+38 86.9851 1e+38 3.20023 1e+38 7.66171 1e+38 94.6849 1e+38 1e+38 1e+38 1e+38 1e+38 1e+38 1e+38 1e+38 95.8466 1e+38 1e+38 1e+38 1e+38 49.8399 1e+38 1e+38 1e+38 1e+38 1e+38 1e+38 94.7558 1e+38 1e+38 1e+38 1e+38 1e+38 76.4576 1e+38 97.0943 1e+38 1e+38 1e+38 0 1 24.7374 
1e+38 1e+38 1e+38 1e+38 36.1923 1e+38 1e+38 1e+38 1e+38 1e+38 1e+38 1e+38 1e+38 1e+38 1e+38 1e+38 1e+38 1e+38 1e+38 1e+38 1e+38 1e+38 1e+38 1e+38 1e+38 85.0171 1e+38 1e+38 1e+38 1e+38 53.5945 1e+38 1e+38 1e+38 52.1077 1e+38 1e+38 7.13925 1e+38 1e+38 1e+38 73.5877 1e+38 1e+38 1e+38 1e+38 1e+38 1e+38 1e+38 1e+38 1e+38 1e+38 1e+38 1e+38 1e+38 92.0987 43.709 56.155 1e+38 1e+38 1e+38 74.5503 1e+38 50.2248 40.5249 1e+38 1e+38 1e+38 1e+38 55.9632 1e+38 1e+38 1e+38 1e+38 1e+38 72.6046 1e+38 1e+38 1e+38 1e+38 1e+38 1e+38 62.6099 1e+38 1e+38 1e+38 1e+38 1e+38 1e+38 1e+38 1e+38 1e+38 1e+38 1e+38 1e+38 1e+38 6.11181 1e+38 0 1 
1 51.4486 61.6333 42.637 44.1858 55.3095 15.2417 91.1117 11.4833 95.1219 1.54977 81.3686 19.7571 64.1597 5.61175 3.08421 78.2608 21.9537 30.1203 48.5169 59.2514 59.1075 1.7901 71.0995 50.6032 5.28815 23.4725 56.715 62.4111 19.4006 84.5822 75.4972 70.8491 46.2154 18.1343 15.0349 1.52495 33.3759 6.1466 13.0083 28.4979 7.69637 94.3768 48.255 71.856 99.9886 51.3392 50.1168 21.9423 81.4595 98.6337 81.1937 40.567 0.423789 52.2932 91.1702 5.71194 75.7657 47.8852 68.123 95.1663 32.4674 43.6203 66.0154 78.6828 61.7545 81.0503 80.2078 95.1305 87.1969 93.216 23.6284 94.8933 87.5928 71.8834 66.7493 87.5814 23.2226 16.8661 9.52368 4.68211 15.4998 90.7174 45.2491 15.9236 43.0105 36.4193 21.6355 18.7762 84.3045 89.7585 13.9425 16.7719 33.3788 79.9578 95.4547 95.1333 61.0081 75.6624 0 
