100
0 1 1e+38 1e+38 1e+38 1e+38 1e+38 22.4616 1e+38 1e+38 1e+38 1e+38 1e+38 34.9472 19.5615 1e+38 1e+38 1e+38 57.6474 1e+38 31.2155 1e+38 1e+38 1e+38 81.1851 1e+38 1e+38 83.0858 1e+38 1e+38 85.015 1e+38 1e+38 42.9269 1e+38 37.7309 1e+38 1e+38 1e+38 1e+38 1e+38 1e+38 1e+38 1e+38 79.3178 88.5101 1e+38 1e+38 1e+38 16.5193 1e+38 42.0905 1e+38 1e+38 1e+38 1e+38 1e+38 1e+38 92.1657 1e+38 1e+38 1e+38 1e+38 1e+38 20.1077 1e+38 54.2692 1e+38 1e+38 1e+38 1e+38 1e+38 58.8323 1e+38 1e+38 38.1502 1e+38 1e+38 1e+38 1e+38 1e+38 1e+38 1e+38 1e+38 1e+38 1e+38 1e+38 1e+38 1e+38 1e+38 1e+38 1e+38 1e+38 1e+38 1e+38 72.2746 1e+38 1e+38 14.5264 70.7056 
1e+38 0 1 1e+38 1e+38 1e+38 1e+38 1e+38 1e+38 1e+38 1e+38 1e+38 1e+38 1e+38 19.2607 1e+38 1e+38 1e+38 1e+38 1e+38 1e+38 50.9124 64.3161 1e+38 1e+38 1e+38 1e+38 1e+38 1e+38 1e+38 1e+38 56.3959 41.4985 10.7955 1e+38 1e+38 1e+38 29.059 20.5916 1e+38 54.8644 1e+38 26.3383 1e+38 47.9824 1e+38 1e+38 1e+38 47.6801 1e+38 1e+38 1e+38 1e+38 1e+38 1e+38 81.5445 55.463 55.4906 1e+38 53.4348 1e+38 1e+38 1e+38 13.0244 1e+38 1e+38 1e+38 1e+38 1e+38 1e+38 1e+38 1e+38 54.0699 1e+38 1e+38 1e+38 77.3373 1e+38 1e+38 1e+38 1e+38 85.1664 1e+38 1e+38 1e+38 3.74663 95.3183 1e+38 1e+38 1e+38 95.518 1e+38 1e+38 1e+38 1e+38 1e+38 1e+38 3.65925 1e+38 1.37358 
84.1226 1e+38 0 1 54.8597 1e+38 1e+38 1e+38 73.2812 1e+38 57.2144 1e+38 1e+38 6.97927 1e+38 1e+38 10.7259 31.2816 1e+38 1e+38 48.3407 1e+38 1e+38 1e+38 1e+38 1e+38 91.1821 1e+38 48.173 1e+38 1e+38 1e+38 1e+38 1e+38 1e+38 1e+38 0.321317 1e+38 19.0818 1e+38 99.0064 1e+38 1e+38 1e+38 1e+38 1e+38 1e+38 94.0013 1e+38 1e+38 1e+38 1e+38 1e+38 1e+38 9.41989 1e+38 1e+38 0.602002 27.1624 1e+38 1e+38 20.3774 1e+38 1e+38 1e+38 60.1613 1e+38 1e+38 1e+38 1e+38 1e+38 1e+38 1e+38 1e+38 42.3469 1e+38 1e+38 1e+38 1.07012 46.8805 9.50323 1e+38 1e+38 1e+38 1e+38 1e+38 1e+38 38.9298 68.28 4.29767 96.3073 1e+38 24.6751 85.9804 19.3163 1e+38 1e+38 1e+38 1e+38 17.0358 
1e+38 46.0376 1e+38 0 1 1e+38 1e+38 81.9696 1e+38 27.1614 1e+38 1e+38 1e+38 1e+38 1e+38 1e+38 1e+38 1e+38 1e+38 1e+38 1e+38 1e+38 1e+38 1e+38 1e+38 1e+38 68.6098 89.2804 1e+38 58.3511 1e+38 63.129 4.38877 1e+38 1e+38 1e+38 1e+38 1e+38 84.4843 26.6727 1e+38 13.3344 1e+38 27.6002 0.442574 1e+38 1e+38 1e+38 1e+38 1e+38 1e+38 65.2436 1e+38 79.1467 1e+38 1e+38 99.3148 1e+38 1e+38 67.2147 1e+38 1e+38 1e+38 1e+38 99.519 1e+38 1e+38 1e+38 1e+38 1e+38 1e+38 1e+38 58.4891 1e+38 1e+38 1e+38 1e+38 33.2639 1e+38 1e+38 1e+38 1e+38 1e+38 1e+38 1e+38 1e+38 1e+38 1e+38 1e+38 1e+38 38.1314 1e+38 1e+38 1e+38 1e+38 1e+38 1e+38 1e+38 1e+38 1.70839 
1e+38 98.3551 1e+38 1e+38 0 1 1e+38 1e+38 1e+38 1e+38 85.3663 18.4935 1e+38 1e+38 1e+38 1e+38 68.9869 1e+38 1e+38 69.6159 1e+38 1e+38 1e+38 1e+38 1e+38 1e+38 28.9108 72.5087 9.78559 1e+38 1e+38 1e+38 1e+38 1e+38 5.02815 1e+38 1e+38 1e+38 36.4913 1e+38 1e+38 21.8576 1e+38 1e+38 85.6313 1e+38 1e+38 1e+38 1e+38 1e+38 1e+38 1e+38 1e+38 1e+38 1e+38 1e+38 1e+38 1e+38 1e+38 1e+38 1e+38 93.4709 1e+38 1e+38 1e+38 1e+38 1e+38 1e+38 1e+38 1e+38 1e+38 1e+38 1e+38 1e+38 1e+38 1e+38 1e+38 1e+38 1e+38 1e+38 71.9467 1e+38 81.026 1e+38 1e+38 1e+38 1e+38 1e+38 1e+38 1e+38 21.9077 85.766 1e+38 44.6652 92.9017 1e+38 1e+38 1e+38 1e+38 41.0621 
72.2418 1e+38 1e+38 1e+38 73.8072 0 1 1e+38 1e+38 1e+38 44.7789 4.79812 1e+38 1e+38 1e+38 1e+38 1e+38 1e+38 51.5148 85.1478 1e+38 1e+38 1e+38 1e+38 1e+38 63.8155 97.7876 1e+38 28.1416 1e+38 31.6006 1e+38 1e+38 1e+38 1e+38 1e+38 1e+38 19.8181 1e+38 57.9571 1e+38 72.0214 1e+38 1e+38 1e+38 1e+38 13.1623 1e+38 1e+38 1e+38 1e+38 99.5594 1e+38 1e+38 85.1851 56.1874 1e+38 1e+38 1e+38 1e+38 1e+38 78.3264 1e+38 1e+38 10.3838 1e+38 1e+38 1e+38 1e+38 1e+38 1e+38 1e+38 1e+38 1e+38 1e+38 1e+38 1e+38 1e+38 1e+38 51.4654 1e+38 1e+38 51.0247 1e+38 1e+38 36.2098 66.4162 1e+38 1e+38 1e+38 1e+38 1e+38 1e+38 1e+38 1e+38 1.8522 99.9347 1e+38 1e+38 98.0037 
1e+38 1e+38 1e+38 5.3107 86.9899 97.623 0 1 5.07491 1e+38 1e+38 77.204 71.2316 1e+38 1e+38 94.2662 1e+38 53.8491 1e+38 1e+38 1e+38 1e+38 1e+38 1e+38 32.1436 1e+38 60.3117 32.0783 1e+38 97.6533 30.082 56.4379 1e+38 1e+38 61.7486 15.4314 1e+38 1e+38 1e+38 1e+38 1e+38 42.6934 13.3173 1e+38 1e+38 1e+38 63.74 1e+38 1e+38 28.3684 1e+38 1e+38 38.8281 1e+38 1e+38 70.9717 1e+38 1e+38 1e+38 94.0589 38.0148 1e+38 1e+38 1e+38 1e+38 1e+38 81.8876 97.5857 1e+38 1e+38 1e+38 1e+38 77.9107 47.0162 1e+38 1e+38 1e+38 1e+38 20.6728 2.36553 38.6028 1e+38 23.9558 1e+38 38.6798 4.00556 1e+38 1e+38 44.367 1e+38 1e+38 82.3818 84.5847 1e+38 1e+38 51.1321 1e+38 1e+38 1e+38 15.5432 
1e+38 1e+38 1e+38 1e+38 29.4329 39.0584 1e+38 0 1 25.5191 1e+38 87.8957 1.65296 1e+38 1e+38 40.3327 7.52616 1e+38 1e+38 1e+38 1e+38 1e+38 1e+38 49.7667 1e+38 83.113 1e+38 1e+38 1e+38 1e+38 1e+38 1e+38 1e+38 1e+38 1e+38 1e+38 1e+38 1e+38 1e+38 1e+38 54.0008 1e+38 39.9571 1e+38 21.751 1e+38 1e+38 29.2771 1e+38 1e+38 1e+38 1e+38 1e+38 1e+38 1e+38 1e+38 98.5582 1e+38 1e+38 1e+38 1e+38 1e+38 92.1785 1e+38 19.9 1e+38 1e+38 1e+38 44.2954 1e+38 1e+38 98.2962 34.8728 1e+38 1e+38 1e+38 19.9708 1e+38 85.9009 1e+38 1e+38 1e+38 23.1788 76.8213 82.5165 1e+38 1e+38 1e+38 92.0012 1e+38 1e+38 1e+38 1e+38 85.65 1e+38 67.395 1e+38 1e+38 90.0635 45.7592 
1e+38 64.7936 44.0554 1e+38 79.4806 1e+38 1e+38 1e+38 0 1 1e+38 1e+38 1e+38 61.6141 1e+38 1e+38 1e+38 1e+38 1e+38 1e+38 88.549 89.1399 1e+38 1e+38 1e+38 1e+38 3.43895 1e+38 1e+38 1e+38 1e+38 1e+38 1e+38 1e+38 61.2788 1e+38 1e+38 1e+38 1e+38 1e+38 1e+38 1e+38 1e+38 1e+38 37.2774 1e+38 1e+38 1e+38 1e+38 1e+38 1e+38 2.95128 36.869 1e+38 1e+38 1e+38 34.2456 1e+38 1e+38 1e+38 1e+38 1e+38 1e+38 94.2328 1e+38 85.5113 32.0095 1e+38 1e+38 69.2376 1e+38 1e+38 1e+38 1e+38 1e+38 82.1784 1e+38 20.8129 1e+38 9.81938 1e+38 1e+38 12.7707 5.41101 59.0208 1e+38 1e+38 1e+38 1e+38 1e+38 1e+38 30.1369 14.908 1e+38 1e+38 90.9017 1e+38 1e+38 1e+38 14.3404 
1e+38 1e+38 1e+38 1e+38 1e+38 14.3776 52.696 1e+38 1e+38 0 1 1e+38 1e+38 1e+38 1e+38 1e+38 1e+38 26.2134 1e+38 25.2837 31.1959 26.8936 1e+38 1e+38 1e+38 1e+38 37.0056 18.2726 1e+38 1e+38 1e+38 1e+38 1e+38 1e+38 1e+38 1e+38 92.6159 1e+38 1e+38 1e+38 75.9062 1e+38 1e+38 71.8113 1e+38 1e+38 26.7371 1e+38 1e+38 1e+38 1e+38 1e+38 1.82304 1e+38 1e+38 1e+38 1e+38 1e+38 1e+38 42.6767 49.176 1e+38 1e+38 1e+38 1e+38 1e+38 1e+38 53.3902 1e+38 1e+38 1e+38 1e+38 17.2154 1e+38 1e+38 32.1446 1e+38 1e+38 1e+38 1e+38 1e+38 1e+38 1e+38 1e+38 1e+38 1e+38 1e+38 1e+38 1e+38 1e+38 1e+38 92.9783 1e+38 1e+38 1e+38 1e+38 66.5843 1e+38 51.2472 88.3505 
1e+38 1e+38 1e+38 1e+38 1e+38 55.5065 1e+38 98.5972 1e+38 1e+38 0 1 64.2953 1e+38 1e+38 1e+38 1e+38 1e+38 1e+38 43.7198 55.0213 1e+38 36.6981 92.1039 1e+38 1e+38 1e+38 1e+38 1e+38 1e+38 1e+38 22.9231 73.6518 19.2754 1e+38 1e+38 1e+38 64.1465 1e+38 1e+38 78.9879 36.3392 1e+38 1e+38 1e+38 1e+38 1e+38 1e+38 45.712 1e+38 1e+38 1e+38 1e+38 1e+38 1e+38 1e+38 83.8698 1e+38 1e+38 1e+38 24.0061 11.8664 1e+38 1e+38 31.1418 1e+38 1e+38 1e+38 34.001 1e+38 32.4329 12.9889 1e+38 1e+38 56.2721 43.912 27.057 1e+38 1e+38 1e+38 1e+38 34.7778 1e+38 2.30991 1e+38 1e+38 1e+38 1e+38 1e+38 1e+38 92.1074 1e+38 1e+38 1e+38 70.8015 1e+38 4.35376 1e+38 63.5676 38.3547 
1e+38 96.0005 1e+38 1e+38 1e+38 7.61571 1e+38 1e+38 1e+38 1e+38 77.646 0 1 1e+38 1e+38 1e+38 17.4877 1e+38 49.0462 66.6251 47.5204 1e+38 1e+38 1e+38 1e+38 10.5703 1e+38 1e+38 1e+38 1e+38 18.3614 19.0686 1e+38 1e+38 1e+38 1e+38 1e+38 45.9091 1e+38 24.9581 1e+38 1e+38 1e+38 1e+38 1e+38 1e+38 1e+38 1e+38 1e+38 1e+38 86.8385 96.7795 1e+38 1e+38 1e+38 28.6699 1e+38 2.46848 1e+38 1e+38 1e+38 1e+38 1e+38 1e+38 1e+38 1e+38 1e+38 1e+38 1e+38 1e+38 99.0219 9.31927 1e+38 18.5331 1e+38 86.2261 34.9074 58.5457 6.43945 1e+38 1e+38 1e+38 1e+38 1e+38 1e+38 1e+38 1e+38 1e+38 1e+38 60.7725 92.1012 1e+38 1e+38 1e+38 40.856 1e+38 1e+38 98.8474 58.6174 21.397 
1e+38 57.6393 1e+38 1e+38 1e+38 1e+38 1e+38 11.0798 1e+38 1e+38 95.2463 55.3997 0 1 1e+38 1e+38 1e+38 1e+38 1e+38 1e+38 91.694 69.2635 34.0759 1e+38 1e+38 1e+38 1e+38 1e+38 73.7793 22.6753 1e+38 4.54969 1e+38 1e+38 1e+38 56.487 1e+38 1e+38 1e+38 1e+38 1e+38 62.813 1e+38 1e+38 1e+38 1e+38 1e+38 1e+38 55.0154 1e+38 49.1025 1e+38 1e+38 1e+38 1e+38 1e+38 1e+38 90.2718 1e+38 1e+38 1e+38 1e+38 1e+38 93.2617 60.9342 55.2597 49.7487 1e+38 74.577 17.3155 1e+38 1e+38 1e+38 1e+38 1e+38 1e+38 25.0427 1e+38 1e+38 1e+38 1e+38 35.182 1e+38 1e+38 18.3604 52.9812 1e+38 1e+38 1e+38 33.8377 1e+38 1e+38 1e+38 1e+38 49.4617 77.2732 0.0592732 1e+38 43.0853 74.6363 
1e+38 1e+38 75.4669 1e+38 1e+38 2.76538 15.7882 1e+38 1e+38 1.8677 1e+38 1e+38 37.0497 0 1 1e+38 1e+38 63.8683 1e+38 1e+38 1e+38 1e+38 1e+38 1e+38 1e+38 1e+38 1e+38 1e+38 1e+38 34.4034 59.7361 1e+38 1e+38 1e+38 45.8695 1e+38 1e+38 1e+38 1e+38 1e+38 1e+38 1e+38 1e+38 1e+38 1e+38 1e+38 55.9852 1e+38 17.5096 1e+38 6.42146 15.2157 1e+38 1e+38 29.2606 13.1474 1e+38 1e+38 1e+38 1e+38 1e+38 57.9833 1e+38 88.1516 1e+38 1e+38 1e+38 1e+38 1e+38 1e+38 45.7543 76.8744 1e+38 1e+38 77.4495 35.175 88.2218 1e+38 1e+38 1e+38 1e+38 1e+38 1e+38 1e+38 1e+38 1e+38 62.5549 1e+38 1e+38 1e+38 1e+38 1e+38 1e+38 96.9853 1e+38 1e+38 1e+38 1e+38 1e+38 62.0256 
13.6336 88.881 1e+38 1e+38 1e+38 1e+38 1e+38 1e+38 1e+38 1e+38 1e+38 71.0848 1e+38 1e+38 0 1 88.5692 1e+38 1e+38 59.3556 43.8495 1e+38 1e+38 62.635 1e+38 1e+38 1e+38 1e+38 34.0006 1e+38 1e+38 47.6341 1e+38 1e+38 1e+38 1e+38 1e+38 92.3459 1e+38 1e+38 96.0686 1e+38 1e+38 1e+38 1e+38 1e+38 1e+38 1e+38 1e+38 1e+38 1e+38 1e+38 83.9586 1e+38 54.1136 1e+38 1e+38 1e+38 47.1725 63.6296 1e+38 1e+38 1e+38 1e+38 22.0144 1e+38 1e+38 45.2349 1e+38 24.9037 1e+38 1e+38 1e+38 1e+38 22.073 1e+38 1e+38 1e+38 1e+38 1e+38 1e+38 1e+38 66.0189 84.262 43.7622 1e+38 1e+38 1e+38 1e+38 72.6618 1e+38 1e+38 1e+38 1e+38 1e+38 9.81965 1e+38 31.5201 1e+38 67.963 
56.4239 1e+38 1e+38 1e+38 35.6233 1e+38 1e+38 1e+38 1e+38 89.8317 1e+38 1e+38 3.00941 3.09352 1e+38 0 1 1e+38 20.1628 1e+38 51.4617 57.1837 1e+38 1e+38 1e+38 15.7618 49.0866 1e+38 1e+38 1e+38 35.3822 1e+38 77.4353 1e+38 44.2073 1e+38 1e+38 1e+38 1e+38 1e+38 1e+38 1e+38 1e+38 1e+38 1e+38 88.6471 1e+38 1e+38 67.447 1e+38 1e+38 1e+38 1e+38 78.4524 1e+38 1e+38 94.2142 1e+38 56.1682 1e+38 1e+38 1e+38 1e+38 1e+38 1e+38 1e+38 1.89719 94.5193 1e+38 1e+38 60.8072 1e+38 90.1576 1e+38 1e+38 1e+38 1e+38 1e+38 1e+38 52.2377 1e+38 1e+38 1e+38 1e+38 1e+38 1e+38 1e+38 28.6385 36.5844 1e+38 1e+38 1e+38 1e+38 1e+38 36.8264 19.8029 1e+38 1e+38 1e+38 60.4768 
1e+38 1e+38 1e+38 1e+38 1e+38 1e+38 1e+38 1e+38 1e+38 1e+38 1e+38 1e+38 1e+38 1e+38 1e+38 47.5917 0 1 1e+38 1e+38 16.2094 1e+38 1e+38 1e+38 1e+38 1e+38 1e+38 1e+38 68.8923 1e+38 1e+38 1e+38 1e+38 99.2851 1e+38 1e+38 1e+38 1e+38 75.6273 63.0813 60.9627 83.9289 1e+38 1e+38 1e+38 1e+38 21.7219 1e+38 1e+38 97.9521 17.5015 97.5162 44.317 1e+38 1e+38 1e+38 1e+38 95.3908 1e+38 9.9046 68.5517 1e+38 95.0106 1e+38 1e+38 86.4878 36.4055 1e+38 1e+38 12.0328 4.44961 1e+38 1e+38 1e+38 25.3477 1e+38 1e+38 1e+38 31.4856 1e+38 1e+38 1e+38 1e+38 89.3387 1e+38 1e+38 1e+38 1e+38 1e+38 1e+38 1e+38 66.6889 1e+38 1e+38 1e+38 1e+38 1e+38 1e+38 1e+38 82.5009 
1e+38 1e+38 1e+38 1e+38 1e+38 1e+38 1e+38 90.0761 1e+38 1e+38 58.7541 51.1573 1e+38 1e+38 1e+38 27.5727 27.6947 0 1 1e+38 1e+38 1e+38 1e+38 70.8906 44.9216 1e+38 1e+38 1e+38 1e+38 44.0377 19.6685 27.9574 1e+38 1e+38 1e+38 1e+38 1e+38 1e+38 1e+38 18.5887 1e+38 7.28027 69.746 1e+38 1e+38 1e+38 1e+38 59.9234 1e+38 1e+38 85.7552 1e+38 1e+38 1e+38 1e+38 69.7281 1e+38 1e+38 6.89573 50.3158 1e+38 26.5642 78.2732 1e+38 1e+38 1e+38 15.6756 1e+38 1e+38 1e+38 1e+38 39.2317 71.482 80.7389 68.8864 1e+38 1e+38 1e+38 63.634 1e+38 1e+38 1e+38 86.8483 36.5633 1e+38 1e+38 1e+38 1e+38 1e+38 13.1871 1e+38 66.4343 1e+38 10.5819 1e+38 1e+38 1e+38 1e+38 1e+38 22.0624 
3.53708 23.0995 61.2942 1e+38 3.83832 1e+38 1e+38 1e+38 56.2942 1e+38 31.8955 1e+38 1e+38 18.7438 1e+38 19.4182 26.2548 10.9057 0 1 24.0928 1e+38 1e+38 1e+38 44.3017 1e+38 1e+38 1e+38 1e+38 1e+38 1e+38 1e+38 1e+38 1e+38 1e+38 1e+38 1e+38 77.9239 1e+38 58.8763 1e+38 1e+38 1e+38 1e+38 1e+38 31.5416 1e+38 94.3044 1e+38 1e+38 85.513 1e+38 1e+38 1e+38 1e+38 10.8914 1e+38 1e+38 1e+38 1e+38 9.58439 1e+38 1e+38 1e+38 1e+38 1e+38 1e+38 1e+38 1e+38 68.3386 1e+38 1e+38 17.6444 1e+38 1e+38 1e+38 1e+38 1e+38 1e+38 1e+38 43.0468 65.5115 1e+38 1e+38 8.6674 1e+38 1e+38 33.126 1e+38 1e+38 1e+38 1e+38 1e+38 1e+38 1e+38 1e+38 1e+38 1e+38 1e+38 62.3504 
13.8643 1e+38 1e+38 1e+38 17.7166 7.74598 1e+38 1e+38 1e+38 1e+38 1e+38 1e+38 1e+38 79.2701 70.6061 1e+38 1e+38 1e+38 1e+38 0 1 1e+38 1e+38 43.1066 1e+38 1e+38 1e+38 1e+38 85.074 59.0416 1e+38 1e+38 1e+38 1e+38 1e+38 1e+38 1e+38 1e+38 1e+38 1e+38 44.8509 1e+38 1e+38 7.56353 89.9127 1e+38 78.9435 1e+38 1e+38 1e+38 1e+38 1e+38 1e+38 1e+38 1e+38 96.4016 75.1176 1e+38 1e+38 60.1916 57.7473 1e+38 59.1299 1e+38 1e+38 1e+38 85.3175 1e+38 1e+38 29.0504 97.2208 82.0777 1e+38 1e+38 1e+38 1e+38 1e+38 68.5847 1e+38 2.1686 1e+38 1e+38 1e+38 18.2126 1e+38 1e+38 14.6142 1e+38 1e+38 1e+38 1e+38 1e+38 1e+38 1e+38 1e+38 97.0008 51.737 1e+38 1e+38 88.9638 
1e+38 28.2114 71.0414 13.5413 49.6328 1e+38 43.147 1e+38 1e+38 1e+38 1e+38 1e+38 1e+38 1e+38 1e+38 1e+38 1e+38 1e+38 1e+38 1e+38 0 1 1e+38 1e+38 1e+38 1e+38 1e+38 44.3186 1e+38 1e+38 1e+38 1e+38 35.8499 1e+38 35.6227 1e+38 1e+38 1e+38 1e+38 94.2738 1e+38 19.3728 1e+38 1e+38 87.1097 1e+38 1e+38 1e+38 1e+38 92.2264 1e+38 1e+38 1e+38 1e+38 1e+38 1e+38 1e+38 1e+38 1e+38 1e+38 1e+38 1e+38 60.0534 60.3289 1e+38 95.6762 45.8116 1e+38 74.4459 1e+38 1e+38 1e+38 16.5278 1e+38 18.178 1e+38 7.09955 83.0129 1e+38 1e+38 1e+38 41.1857 1e+38 1e+38 1e+38 1e+38 13.1167 17.228 1e+38 1e+38 1e+38 38.3761 1e+38 1e+38 1e+38 62.6497 10.9296 1e+38 1e+38 85.3754 
1e+38 1e+38 1e+38 1e+38 13.255 1e+38 61.8369 1e+38 1e+38 1e+38 1e+38 1e+38 1e+38 1e+38 1e+38 1e+38 1e+38 10.7056 1e+38 1e+38 1e+38 0 1 1e+38 1e+38 21.5702 11.5155 27.9599 1e+38 36.326 1e+38 1e+38 1e+38 1e+38 1e+38 1e+38 1e+38 27.7948 51.1805 1e+38 1e+38 1e+38 1e+38 1e+38 1e+38 1e+38 1e+38 1e+38 1e+38 1e+38 1e+38 1e+38 68.0314 19.3343 1e+38 1e+38 1e+38 1e+38 13.0216 6.9913 1e+38 26.357 1e+38 1e+38 1e+38 1e+38 1e+38 1e+38 1e+38 1e+38 1e+38 1e+38 1e+38 45.7582 1e+38 1e+38 1e+38 1e+38 1e+38 1e+38 1e+38 1e+38 1e+38 1e+38 1e+38 92.7166 26.3248 68.0984 46.9827 39.3464 75.0897 1e+38 1e+38 89.8395 1e+38 1e+38 70.5471 1e+38 1e+38 79.0496 
1e+38 1e+38 76.0209 32.9187 1e+38 1e+38 32.3291 1e+38 70.2981 1e+38 60.6316 1e+38 1e+38 1e+38 1e+38 1e+38 3.31434 11.1178 1e+38 1e+38 1e+38 21.9612 0 1 11.8007 33.6096 44.8347 82.3478 18.3365 1e+38 1e+38 1e+38 1e+38 1e+38 1e+38 86.7301 1e+38 1e+38 1e+38 1e+38 1e+38 1e+38 1e+38 1e+38 1e+38 1e+38 1e+38 1e+38 10.4778 1e+38 1e+38 1e+38 1e+38 1e+38 1e+38 1e+38 1e+38 21.9443 1e+38 55.939 36.466 1e+38 1e+38 1e+38 1e+38 1e+38 1e+38 95.0892 1e+38 1e+38 1e+38 1e+38 1e+38 1e+38 89.785 1e+38 80.0534 1e+38 1e+38 1e+38 1e+38 1e+38 1e+38 1e+38 1e+38 1e+38 1e+38 1e+38 1e+38 1e+38 36.1246 86.9931 1e+38 85.2967 1e+38 1e+38 60.6205 1e+38 58.2399 94.4252 
1e+38 24.3663 1e+38 38.5074 5.05968 1e+38 1e+38 1e+38 42.5534 1e+38 75.6444 1e+38 1e+38 1e+38 1e+38 98.7949 1e+38 1e+38 78.9804 1e+38 75.6677 1e+38 1e+38 0 1 1e+38 1e+38 61.0221 1e+38 65.8589 1e+38 90.9472 1e+38 85.8778 1e+38 1e+38 1e+38 1e+38 1e+38 48.6467 42.2287 1e+38 1e+38 1e+38 1e+38 1e+38 1e+38 1e+38 4.22545 76.2157 1e+38 1e+38 91.3207 1e+38 1e+38 1e+38 1e+38 1e+38 1e+38 1e+38 97.8393 8.19184 1e+38 1e+38 94.0697 49.7117 83.3493 1e+38 74.3188 1e+38 48.8097 16.5474 1e+38 1e+38 1e+38 1e+38 82.1989 1e+38 1e+38 86.4244 88.4389 1e+38 66.3175 79.7596 1e+38 90.679 1e+38 1e+38 22.6594 1e+38 1e+38 20.4987 1e+38 57.5075 1e+38 26.4879 7.21923 1e+38 1e+38 81.538 
1e+38 1e+38 1e+38 1e+38 17.2328 13.0733 78.3988 1e+38 25.2965 1e+38 1e+38 1e+38 7.10599 52.1736 1e+38 1e+38 1e+38 1e+38 40.2524 65.512 1e+38 77.5028 1e+38 1e+38 0 1 48.1093 1e+38 1e+38 1e+38 23.7675 42.1462 1e+38 1e+38 1e+38 1e+38 34.9263 1e+38 1e+38 1e+38 16.2027 1e+38 1e+38 23.3087 4.9148 67.4532 1e+38 1e+38 1e+38 95.8729 1e+38 1e+38 1e+38 1e+38 1e+38 8.38599 93.864 1e+38 1e+38 1e+38 1e+38 1e+38 1e+38 16.3448 1e+38 40.0921 1e+38 1e+38 1e+38 1e+38 1e+38 1e+38 1e+38 1e+38 1e+38 1e+38 1e+38 31.2183 56.1066 1e+38 1e+38 1e+38 1e+38 1e+38 1e+38 1e+38 8.85283 62.54 21.4785 1e+38 1e+38 1e+38 33.8514 1e+38 3.94734 30.0875 1e+38 1e+38 1e+38 41.5653 
1e+38 1e+38 93.8543 41.8532 1e+38 1e+38 1e+38 1e+38 0.670326 1e+38 1e+38 27.7615 1e+38 2.86173 1e+38 1e+38 1e+38 37.0811 1e+38 1e+38 1e+38 49.7913 1e+38 1e+38 1e+38 0 1 1e+38 1e+38 1e+38 1e+38 1e+38 1e+38 1e+38 1e+38 1e+38 1e+38 64.2244 43.1274 1e+38 1e+38 1e+38 1e+38 1e+38 1e+38 1e+38 1e+38 1e+38 1e+38 97.4702 49.4219 1e+38 1e+38 1e+38 46.2206 1e+38 1e+38 1e+38 1e+38 1e+38 1e+38 45.3193 1e+38 1e+38 1e+38 1e+38 95.173 1e+38 1e+38 38.3004 1e+38 1e+38 1e+38 7.08488 1e+38 1e+38 89.2739 1e+38 1e+38 1e+38 26.4407 3.80971 1e+38 73.7021 1e+38 70.5842 36.1418 32.7729 1e+38 19.2386 1e+38 1e+38 1e+38 47.4199 1e+38 1e+38 4.86489 1e+38 1e+38 26.5343 
42.0349 46.0032 18.7272 39.4645 1e+38 57.1284 1e+38 1e+38 1e+38 1e+38 1e+38 1e+38 1e+38 75.2696 1e+38 1e+38 45.8538 1e+38 1e+38 1e+38 1e+38 89.1513 1e+38 1e+38 1e+38 1e+38 0 1 41.1837 1e+38 67.9704 1e+38 1e+38 1e+38 1e+38 64.1044 1e+38 1e+38 1e+38 1e+38 1e+38 1e+38 42.4647 1e+38 1e+38 28.7065 84.295 1e+38 1e+38 1e+38 1.64281 92.7123 1e+38 1e+38 98.8923 1e+38 67.9796 71.0264 1e+38 1e+38 1e+38 4.56842 1e+38 1e+38 1e+38 1e+38 1e+38 1e+38 1e+38 1e+38 65.0172 1e+38 1e+38 1e+38 1e+38 1e+38 36.1885 1e+38 1e+38 1e+38 1e+38 1e+38 1e+38 1e+38 18.3096 1e+38 50.8844 1e+38 1e+38 1e+38 1e+38 1e+38 1e+38 1e+38 33.0047 1e+38 1e+38 1e+38 18.409 39.5321 
1e+38 83.4262 51.006 1e+38 90.9081 1e+38 1e+38 1e+38 1e+38 1e+38 1e+38 19.2276 1e+38 1e+38 1e+38 1e+38 1e+38 25.8344 1e+38 1e+38 13.3168 18.3972 9.10776 1e+38 6.23154 1e+38 88.6844 0 1 1e+38 1e+38 1e+38 1e+38 1e+38 1e+38 1e+38 1e+38 29.2884 8.52433 1e+38 1e+38 1e+38 1e+38 78.2009 1e+38 10.3457 1e+38 90.5149 1e+38 37.801 1e+38 1e+38 1e+38 1e+38 1e+38 1e+38 1e+38 43.5488 1e+38 1e+38 50.6422 1e+38 99.2393 41.1617 1e+38 1e+38 1e+38 1e+38 1e+38 1e+38 30.1326 73.2409 1e+38 1e+38 1e+38 1e+38 75.8739 1e+38 61.7939 1e+38 1e+38 75.4676 1e+38 1e+38 1e+38 1e+38 1e+38 1e+38 59.9641 1e+38 1e+38 1e+38 1e+38 1e+38 1e+38 1e+38 1e+38 1e+38 48.3678 11.0367 
1e+38 1e+38 1e+38 1e+38 1e+38 35.7195 1e+38 19.9025 1e+38 1e+38 1e+38 1e+38 1e+38 1e+38 1e+38 66.274 9.92267 1e+38 1e+38 1e+38 1e+38 1e+38 80.493 1e+38 57.2847 1e+38 32.3434 1e+38 0 1 1e+38 1e+38 1e+38 1e+38 71.5738 1e+38 85.9694 1e+38 23.1426 87.987 94.8943 1e+38 94.1039 62.9192 1e+38 60.5182 1e+38 1e+38 1e+38 1e+38 1e+38 1e+38 1e+38 8.90885 1e+38 1e+38 1e+38 63.3723 1e+38 1e+38 44.0834 1e+38 1e+38 1e+38 30.7839 1e+38 1e+38 1e+38 1e+38 29.6776 1e+38 1e+38 1e+38 98.8442 1e+38 1e+38 1e+38 1e+38 91.9121 1e+38 1e+38 20.328 1e+38 1e+38 1e+38 73.1396 41.3732 70.4066 1e+38 1e+38 1e+38 1e+38 36.469 1e+38 1e+38 67.2529 1e+38 90.4252 1e+38 43.3119 
20.1028 1e+38 1e+38 1e+38 1e+38 1e+38 38.2624 46.9532 1e+38 1e+38 1e+38 63.7973 50.5025 98.086 1e+38 1e+38 1e+38 1e+38 1e+38 1e+38 42.8524 1e+38 1e+38 1e+38 1e+38 1e+38 1e+38 1e+38 62.6482 0 1 1e+38 1e+38 1e+38 1e+38 1e+38 1e+38 1e+38 53.871 1e+38 1e+38 1e+38 1e+38 1e+38 1e+38 28.5732 1e+38 79.1577 15.4906 1e+38 1e+38 1e+38 1e+38 75.2279 1e+38 1e+38 47.4509 1e+38 7.14568 1e+38 14.8193 1e+38 1e+38 34.1463 77.6375 80.4805 1e+38 1e+38 6.37341 94.935 1e+38 1e+38 1e+38 14.7378 1e+38 1e+38 1e+38 1e+38 1e+38 1e+38 91.7754 1e+38 17.1447 1e+38 1e+38 54.8092 47.7805 1e+38 39.0479 54.9262 1e+38 53.8672 61.3204 4.39419 1e+38 38.9579 1e+38 29.0775 1e+38 91.2481 
24.0125 1e+38 1e+38 1e+38 97.8819 1e+38 1e+38 1e+38 1e+38 1e+38 1e+38 69.7953 1e+38 17.1393 1e+38 1e+38 1e+38 1e+38 67.5831 10.9963 1e+38 1e+38 1e+38 30.3939 1e+38 52.8769 69.3518 1e+38 1e+38 20.787 0 1 1e+38 1e+38 1e+38 1.81303 1e+38 1e+38 1e+38 1e+38 1e+38 1e+38 83.8481 1e+38 1e+38 1e+38 1e+38 1e+38 1e+38 55.511 1e+38 1e+38 1e+38 1e+38 1e+38 1e+38 1e+38 33.1811 1e+38 1e+38 1e+38 1e+38 48.7465 1e+38 1e+38 1e+38 1e+38 1e+38 1e+38 1e+38 9.61854 1e+38 45.7187 93.4666 1e+38 1e+38 1e+38 1e+38 1e+38 8.04337 1e+38 1e+38 1e+38 1e+38 1e+38 1e+38 87.4467 1e+38 1e+38 1e+38 1e+38 1e+38 1e+38 41.3305 1e+38 1e+38 24.8376 1e+38 1e+38 84.6125 
12.7868 84.9188 1e+38 1e+38 1e+38 1e+38 1e+38 22.0668 1e+38 1e+38 1e+38 1e+38 1e+38 1e+38 28.3181 1e+38 1e+38 1e+38 1e+38 1e+38 1e+38 14.71 1e+38 9.96856 1e+38 1e+38 89.7031 1e+38 1e+38 1e+38 1e+38 0 1 1e+38 1e+38 28.3076 1e+38 1e+38 1e+38 1e+38 1e+38 80.4845 1e+38 1e+38 1e+38 1e+38 1e+38 1e+38 92.2625 1e+38 44.3568 82.0293 98.7355 52.2004 1e+38 54.776 1e+38 1e+38 35.6541 1e+38 46.7043 1.14479 1e+38 96.6265 20.6685 1e+38 24.9341 1e+38 1e+38 1e+38 1e+38 1e+38 1e+38 22.7642 1e+38 7.8664 1e+38 1e+38 1e+38 91.5244 44.949 1e+38 1e+38 1e+38 1e+38 1e+38 1e+38 43.7947 1e+38 1e+38 1e+38 1e+38 35.2595 82.1884 1e+38 55.928 81.474 15.5174 1e+38 84.6846 
1e+38 15.9483 1e+38 46.6188 1e+38 1e+38 54.4852 1e+38 1e+38 1e+38 1e+38 1e+38 1e+38 1e+38 1e+38 1e+38 68.6041 41.1726 49.7048 15.8566 1e+38 72.1686 1e+38 1e+38 1e+38 1e+38 1e+38 1e+38 1e+38 1e+38 1e+38 6.73999 0 1 53.3587 62.4993 1e+38 7.8439 0.473729 1e+38 99.166 1e+38 1e+38 1e+38 1e+38 1e+38 1e+38 1e+38 1e+38 1e+38 1e+38 1e+38 1e+38 1e+38 1e+38 1e+38 27.696 1e+38 1e+38 1e+38 1e+38 1e+38 1e+38 1e+38 1e+38 1e+38 91.2257 32.6169 1e+38 1e+38 1e+38 1e+38 1e+38 1e+38 1e+38 1e+38 59.0239 1e+38 1e+38 1e+38 1e+38 1e+38 1e+38 1e+38 1.11127 54.5219 40.5772 28.8073 51.623 1e+38 1e+38 1e+38 1e+38 1e+38 85.2889 1e+38 1e+38 1e+38 1e+38 38.0295 
68.2139 1e+38 1e+38 1e+38 1e+38 1e+38 1e+38 1e+38 1e+38 1e+38 1e+38 1e+38 74.7212 1e+38 1e+38 1e+38 1e+38 5.76312 1e+38 40.6138 1e+38 77.0572 1e+38 1e+38 99.825 1e+38 1e+38 1e+38 1e+38 1e+38 64.3311 1e+38 1e+38 0 1 1e+38 1e+38 61.6626 1e+38 1e+38 1e+38 1e+38 1e+38 37.2929 1e+38 1e+38 1e+38 1e+38 1e+38 1e+38 1e+38 1e+38 94.8223 1e+38 1e+38 1e+38 1e+38 1e+38 1e+38 1e+38 1e+38 85.28 1e+38 1e+38 1e+38 43.8012 1e+38 42.5881 1e+38 75.7178 1e+38 1e+38 1e+38 1e+38 1e+38 1e+38 1e+38 1e+38 1e+38 1e+38 1e+38 85.051 1e+38 31.0411 1e+38 1e+38 25.6883 1e+38 12.1259 1e+38 1e+38 1e+38 1e+38 9.93095 0.268178 30.2767 1e+38 89.7264 1e+38 59.1959 
1e+38 1e+38 27.2314 1e+38 1e+38 1e+38 41.8469 1e+38 1e+38 1e+38 1e+38 1e+38 51.0426 45.0706 1e+38 1e+38 1e+38 1e+38 1e+38 1e+38 1e+38 1e+38 1e+38 1e+38 70.9983 1e+38 1e+38 24.7304 1e+38 25.6576 1e+38 1e+38 1e+38 1e+38 0 1 1e+38 1e+38 1e+38 1e+38 1e+38 1.2228 1e+38 1e+38 46.2934 0.236918 1e+38 1e+38 1e+38 45.2374 95.3203 1e+38 6.30475 1e+38 1e+38 1e+38 1e+38 10.1064 1e+38 1e+38 35.7641 1e+38 1e+38 1e+38 1e+38 1e+38 31.3089 1e+38 1e+38 63.7033 1e+38 1e+38 64.9261 1e+38 1e+38 11.2195 17.767 57.8114 1e+38 61.9656 1e+38 1e+38 96.7631 1e+38 1e+38 1e+38 1e+38 1e+38 1e+38 88.6901 73.1081 99.9471 1e+38 1e+38 12.1921 1e+38 36.584 43.5009 1e+38 31.6521 
1e+38 48.1695 1e+38 72.1303 1e+38 1e+38 83.3498 83.4665 1e+38 59.3132 1e+38 1e+38 30.5969 42.1952 1e+38 1e+38 1e+38 96.1833 1e+38 1e+38 84.8734 1e+38 60.4021 1e+38 1e+38 1e+38 31.2911 1e+38 1e+38 43.894 1e+38 1e+38 92.0635 1e+38 1e+38 0 1 1e+38 41.2295 1e+38 1e+38 86.6617 67.4682 68.6896 1e+38 1e+38 1e+38 1e+38 73.1782 29.7275 1e+38 58.0516 1e+38 45.9856 1e+38 1e+38 1e+38 48.8661 1e+38 1e+38 92.7601 1e+38 1e+38 1e+38 22.686 53.4037 42.5866 92.8569 1e+38 1e+38 1e+38 70.2758 1e+38 1e+38 1e+38 1e+38 4.61517 1e+38 1e+38 1e+38 1e+38 1e+38 35.8449 1e+38 1e+38 1e+38 1e+38 1e+38 1e+38 1e+38 1e+38 1e+38 62.4592 1e+38 1e+38 1e+38 1e+38 22.4562 1e+38 52.848 
1e+38 1e+38 1e+38 1e+38 1e+38 1e+38 1e+38 1e+38 1e+38 1e+38 1e+38 1e+38 1e+38 84.028 1e+38 66.6274 1e+38 1e+38 1e+38 1e+38 1e+38 50.5268 1e+38 1e+38 1e+38 1e+38 1e+38 1e+38 1e+38 1.58099 1e+38 1e+38 1e+38 1e+38 20.1281 5.50981 0 1 1e+38 1e+38 1e+38 24.0826 1e+38 1e+38 8.11056 1e+38 1e+38 1e+38 1e+38 1e+38 1e+38 1e+38 65.7498 20.0721 71.9665 1e+38 1e+38 1e+38 21.9904 1e+38 1e+38 1e+38 15.2052 36.8615 1e+38 1e+38 42.3714 1e+38 1e+38 18.2709 1e+38 28.3071 1e+38 1e+38 1e+38 1e+38 1e+38 9.64625 96.0225 86.0049 24.8693 1e+38 19.5378 1e+38 1e+38 1e+38 1e+38 1e+38 1e+38 96.1471 1e+38 1e+38 1e+38 1e+38 1e+38 37.1539 58.474 1e+38 1e+38 90.0201 
1e+38 1e+38 18.3272 1e+38 86.1916 1e+38 1e+38 1e+38 63.6364 1e+38 1e+38 1e+38 1e+38 1e+38 1e+38 53.2212 11.6849 1e+38 89.3296 98.7344 1e+38 97.2652 82.9102 1e+38 1e+38 3.94758 1e+38 78.8799 1e+38 1e+38 1e+38 49.0359 1e+38 1e+38 1e+38 1e+38 1e+38 0 1 4.85382 18.0857 1e+38 1e+38 1e+38 1e+38 1e+38 1e+38 1e+38 1e+38 1e+38 1e+38 1e+38 9.73595 1e+38 34.0604 1e+38 1e+38 30.0809 1e+38 33.6513 1e+38 1e+38 82.6871 14.8492 1e+38 1e+38 48.4053 1e+38 1e+38 96.5994 1e+38 1e+38 1e+38 1e+38 91.3279 1e+38 1e+38 14.4691 1e+38 2.8294 1e+38 1e+38 1e+38 1e+38 1e+38 1e+38 1e+38 1e+38 1e+38 75.8395 1e+38 1e+38 53.7612 1e+38 1e+38 18.9103 75.3313 1e+38 25.2768 78.6534 
1e+38 1e+38 1e+38 14.9397 41.0769 1e+38 1e+38 1e+38 5.85831 1e+38 1e+38 32.7982 99.1456 98.9934 1e+38 1e+38 1e+38 1e+38 1e+38 1e+38 1e+38 1e+38 1e+38 1e+38 1e+38 87.3894 1e+38 1e+38 1e+38 10.0796 1e+38 29.7963 1e+38 1e+38 1e+38 1e+38 1e+38 1e+38 0 1 1e+38 1e+38 79.8793 1e+38 25.7579 1e+38 1e+38 1e+38 1e+38 1e+38 1e+38 1e+38 1e+38 1e+38 1e+38 1e+38 1e+38 1e+38 1e+38 1e+38 1e+38 66.1295 1e+38 1e+38 15.963 1e+38 1e+38 57.1857 1e+38 1e+38 1e+38 1e+38 1e+38 1e+38 1e+38 1e+38 1e+38 1e+38 1e+38 1e+38 1e+38 78.01 16.921 1e+38 30.9777 1e+38 1e+38 71.3347 29.0618 1e+38 1e+38 87.6132 1e+38 2.43111 1e+38 1e+38 1e+38 1e+38 3.29878 26.926 
1e+38 1e+38 1e+38 1e+38 1e+38 20.7409 60.5374 1e+38 1e+38 1e+38 1e+38 53.4504 1e+38 1e+38 1e+38 57.4584 41.8665 1e+38 28.7931 70.9283 1e+38 1e+38 1e+38 97.7095 3.20895 51.2828 1e+38 1e+38 36.8057 1e+38 1e+38 20.9045 1e+38 82.6684 30.3436 1e+38 1e+38 1e+38 1e+38 0 1 1e+38 1e+38 65.8324 77.2411 13.2114 1e+38 19.1076 16.7501 1e+38 1e+38 84.3096 52.8617 1e+38 1e+38 1e+38 1e+38 1e+38 36.8931 1e+38 72.963 1e+38 1e+38 1e+38 27.3099 1e+38 74.0483 1e+38 78.7948 1e+38 1e+38 1e+38 61.6222 91.9408 83.9788 1e+38 1e+38 7.26956 1e+38 1e+38 1e+38 48.0067 1e+38 1e+38 1e+38 1e+38 68.2857 1e+38 1e+38 1e+38 33.1101 1e+38 49.8203 1e+38 14.6856 77.1302 1e+38 88.7339 1e+38 57.3891 
34.3914 1e+38 1e+38 1e+38 34.3949 1e+38 34.8769 39.547 66.7839 92.8478 1e+38 1e+38 1e+38 1e+38 1e+38 1e+38 1e+38 1e+38 1e+38 69.9646 1e+38 66.9928 1e+38 61.6374 1e+38 1e+38 1e+38 1e+38 1e+38 1e+38 1e+38 1e+38 89.0712 1e+38 1e+38 1e+38 1e+38 1e+38 1e+38 95.4905 0 1 1e+38 1e+38 92.1236 1e+38 1e+38 1e+38 1e+38 1e+38 1e+38 1e+38 1e+38 1e+38 40.0728 55.391 46.6663 1e+38 1e+38 7.08594 25.4574 85.3152 1e+38 1e+38 54.5074 1e+38 37.9948 1e+38 1e+38 1e+38 1e+38 1e+38 1e+38 1e+38 1e+38 17.594 1e+38 1e+38 65.6096 26.9311 1e+38 83.5898 5.36654 1e+38 1e+38 1e+38 1e+38 1e+38 1e+38 1e+38 12.3224 1e+38 1e+38 1e+38 64.2659 1e+38 1e+38 1e+38 1e+38 25.3644 
3.26857 1e+38 62.3371 1e+38 70.7844 58.7135 1e+38 31.097 1e+38 1e+38 1e+38 1e+38 1e+38 1e+38 97.5373 1e+38 8.83397 1e+38 1e+38 1e+38 1e+38 1e+38 1e+38 1e+38 1e+38 1e+38 5.86062 92.822 1e+38 1e+38 1e+38 1e+38 1e+38 1e+38 1e+38 1e+38 1e+38 1e+38 69.9417 91.1691 39.6604 0 1 1e+38 1e+38 1e+38 1e+38 1e+38 1e+38 48.6341 1e+38 1e+38 1e+38 1e+38 1e+38 1e+38 1e+38 85.6602 1e+38 12.6574 1e+38 1e+38 1e+38 51.3288 1e+38 46.6885 1e+38 36.9452 1e+38 1e+38 1e+38 1e+38 1e+38 1e+38 49.2595 1e+38 1e+38 1e+38 1e+38 1e+38 1e+38 12.9598 81.3859 1e+38 1e+38 1e+38 1e+38 1e+38 1e+38 1e+38 1e+38 30.1143 1e+38 1e+38 81.4431 1e+38 1e+38 1e+38 64.4971 91.4587 
31.7318 1e+38 1e+38 1e+38 1e+38 1e+38 1e+38 1e+38 93.3398 78.9139 46.4253 1e+38 1e+38 1e+38 1e+38 20.9966 1e+38 1e+38 1e+38 1e+38 1e+38 1e+38 65.9569 1e+38 1e+38 1e+38 71.7277 1e+38 1e+38 1e+38 97.3344 1e+38 1e+38 2.85997 1e+38 1e+38 1e+38 69.8312 1e+38 1e+38 1e+38 10.5444 0 1 1e+38 1e+38 1e+38 1e+38 1e+38 1e+38 63.195 35.5316 93.4746 1e+38 79.7075 1e+38 1e+38 1e+38 1e+38 1e+38 1e+38 1e+38 1e+38 16.4963 1e+38 1e+38 1e+38 1e+38 1e+38 1e+38 96.9981 1e+38 7.76666 28.5114 1e+38 1e+38 1e+38 37.6922 1e+38 1e+38 1e+38 1e+38 1e+38 6.18163 65.8216 84.4761 1e+38 42.3734 35.9112 1e+38 1e+38 1e+38 1e+38 1e+38 40.0676 1e+38 1e+38 1e+38 96.5432 87.8526 
70.3931 1e+38 1e+38 78.1598 1e+38 1e+38 24.282 1e+38 37.0795 1e+38 1e+38 1e+38 1e+38 44.0957 1e+38 1e+38 1e+38 1e+38 42.6215 1e+38 1e+38 1e+38 1e+38 83.2631 1e+38 1e+38 33.7931 1e+38 1e+38 30.3363 1e+38 1e+38 1e+38 1e+38 1e+38 1e+38 1e+38 1e+38 1e+38 1e+38 1e+38 1e+38 1e+38 0 1 1e+38 1e+38 1e+38 1e+38 1e+38 92.4981 1e+38 1e+38 1e+38 1e+38 94.5647 8.67423 1e+38 1e+38 9.96689 1e+38 1e+38 1e+38 1e+38 1e+38 1e+38 1e+38 1e+38 1e+38 1e+38 1e+38 77.51 1e+38 1e+38 83.8209 72.9065 1e+38 1e+38 1e+38 1e+38 1e+38 1e+38 1e+38 1e+38 1e+38 1e+38 1e+38 1e+38 1e+38 1e+38 1e+38 1e+38 1e+38 1e+38 1e+38 30.1971 5.76395 1e+38 98.1722 11.3897 
1e+38 1e+38 1e+38 1e+38 1e+38 1e+38 38.1218 88.9717 1e+38 1e+38 1e+38 2.6605 1e+38 1e+38 71.9642 1e+38 1e+38 35.8325 89.0814 94.2589 1e+38 81.6946 9.63481 1e+38 1e+38 81.1758 1e+38 1e+38 1e+38 27.3295 1e+38 1e+38 1e+38 1e+38 1e+38 1e+38 1e+38 1e+38 1e+38 1e+38 1e+38 37.7768 1e+38 21.408 0 1 27.8431 1e+38 1e+38 1e+38 73.2401 1e+38 1e+38 1e+38 67.4788 54.5794 1e+38 1e+38 1e+38 1e+38 23.9656 1e+38 65.4273 1e+38 1e+38 77.2069 1e+38 1e+38 1e+38 83.5049 1e+38 16.0532 1e+38 1e+38 1e+38 89.0923 1e+38 1e+38 1e+38 1e+38 1e+38 1e+38 1e+38 1e+38 1e+38 1.24373 1e+38 88.2393 97.8798 51.731 7.10225 1e+38 41.1487 1e+38 1e+38 1e+38 1e+38 15.6621 78.7459 76.8448 
99.167 1e+38 1e+38 20.4487 47.2415 1e+38 9.54094 4.1962 1e+38 1e+38 69.4427 1e+38 1e+38 3.20764 1e+38 1e+38 1e+38 1e+38 1e+38 1e+38 1e+38 1e+38 1e+38 1e+38 10.9875 1e+38 79.627 1e+38 1e+38 1e+38 1e+38 91.8844 1e+38 1e+38 12.333 1e+38 1e+38 1e+38 1e+38 56.4893 1e+38 1e+38 1e+38 1e+38 45.2071 0 1 49.6585 1e+38 1e+38 1e+38 1e+38 31.3465 1e+38 20.2337 1e+38 1e+38 99.8608 3.05784 1e+38 1e+38 1e+38 1e+38 1e+38 1e+38 50.1563 1e+38 1e+38 72.0303 1e+38 1e+38 1e+38 1e+38 22.7898 1e+38 1e+38 1e+38 51.4678 1e+38 1e+38 1e+38 9.12479 36.3867 1e+38 1e+38 1e+38 1e+38 38.5125 1e+38 1e+38 1e+38 14.7149 61.721 1e+38 94.0677 1e+38 1e+38 1e+38 1e+38 44.4613 
1e+38 1e+38 15.98 1e+38 1e+38 5.91499 1e+38 91.8425 1e+38 88.9326 1e+38 1.73908 1e+38 1e+38 1e+38 1e+38 88.0496 1e+38 1e+38 44.5309 1e+38 1e+38 1e+38 1e+38 28.587 1e+38 11.1083 1e+38 1e+38 1e+38 45.4793 57.1456 28.9831 61.4592 1e+38 1e+38 1e+38 13.2637 1e+38 1e+38 2.1963 1e+38 1e+38 1e+38 1e+38 1e+38 0 1 1e+38 1e+38 1e+38 15.9895 1e+38 1e+38 1e+38 1e+38 68.3683 1e+38 41.38 1e+38 1e+38 1e+38 20.6083 1e+38 48.3185 1e+38 1e+38 1e+38 1e+38 1e+38 40.4498 17.5347 1e+38 1e+38 1e+38 1e+38 70.8838 1e+38 1e+38 1e+38 1e+38 1e+38 1e+38 1e+38 1e+38 1e+38 1e+38 1e+38 1e+38 1e+38 1e+38 1e+38 87.2296 1e+38 1e+38 1e+38 63.5717 1e+38 51.2409 78.9101 
1e+38 1e+38 1e+38 1e+38 1e+38 1e+38 35.0378 29.5205 1e+38 1e+38 99.8208 1e+38 1e+38 1e+38 41.1049 1e+38 66.6842 1e+38 1e+38 52.6497 1e+38 1e+38 1e+38 1e+38 56.1043 1e+38 1e+38 19.6761 1e+38 1e+38 98.5862 94.2459 66.1751 1e+38 1e+38 24.8117 9.26419 1e+38 1e+38 1e+38 1e+38 1e+38 1e+38 77.8723 1e+38 1e+38 1e+38 0 1 1e+38 1e+38 89.0302 2.49051 79.4462 1e+38 1e+38 76.7107 1e+38 1e+38 1e+38 1e+38 76.8571 1e+38 1e+38 1e+38 1e+38 1e+38 1e+38 1e+38 1e+38 6.03999 1e+38 73.9253 53.4043 1e+38 1e+38 1e+38 1e+38 21.1368 1e+38 51.0991 1e+38 1e+38 1e+38 1e+38 1e+38 1e+38 1e+38 1e+38 1e+38 3.41293 70.6158 1e+38 64.1806 11.2442 39.2005 1e+38 1e+38 1e+38 27.8574 
1e+38 26.3928 1e+38 1e+38 1e+38 28.0872 1e+38 1e+38 1e+38 1e+38 52.1089 1e+38 1e+38 1e+38 1e+38 1e+38 1e+38 1e+38 1e+38 63.9334 1e+38 1e+38 1e+38 45.9438 1e+38 1e+38 1e+38 1e+38 1e+38 5.49719 1e+38 18.9343 1e+38 1e+38 1e+38 11.6872 1e+38 1e+38 33.3579 1e+38 79.5947 1e+38 1e+38 1e+38 1e+38 1e+38 12.6589 24.8147 0 1 1e+38 1e+38 83.0987 1e+38 1e+38 1e+38 1e+38 40.9962 1e+38 1e+38 46.4934 1e+38 1e+38 1e+38 1e+38 1e+38 90.0707 1e+38 1e+38 1e+38 1e+38 1e+38 1e+38 49.4456 1e+38 1e+38 1e+38 31.9961 90.7541 1e+38 1e+38 1e+38 33.731 1e+38 2.7995 89.5829 1e+38 1e+38 30.5791 58.1014 63.4586 1e+38 1e+38 1e+38 1e+38 1e+38 1e+38 1e+38 78.8661 47.4863 
1e+38 1e+38 0.787006 77.8507 1e+38 20.1243 1e+38 3.19445 1e+38 34.5441 1e+38 1e+38 1e+38 1e+38 1e+38 1e+38 1e+38 1e+38 88.736 1e+38 1e+38 1e+38 1e+38 1e+38 1e+38 1e+38 1e+38 1e+38 1e+38 1e+38 1e+38 1e+38 1e+38 1e+38 1e+38 1e+38 1e+38 1e+38 1e+38 1e+38 84.1054 1e+38 1e+38 1e+38 1e+38 92.2987 1e+38 1e+38 29.3272 0 1 24.4571 55.9279 1e+38 1e+38 1e+38 1e+38 1e+38 1e+38 16.6827 1e+38 1e+38 1e+38 1e+38 77.6521 50.3748 1e+38 1e+38 99.9361 1e+38 1e+38 84.0415 1e+38 1e+38 1e+38 1e+38 1e+38 97.1906 41.7911 1e+38 1e+38 28.0867 1e+38 1e+38 1e+38 1e+38 1e+38 30.0824 1e+38 20.9558 1e+38 1e+38 50.3984 1e+38 77.7187 1e+38 1e+38 1e+38 1e+38 41.6794 
1e+38 40.4763 1e+38 1e+38 1e+38 1e+38 1e+38 67.1407 1e+38 44.0705 55.9494 6.02848 1e+38 1e+38 1e+38 1e+38 1e+38 1e+38 1e+38 1e+38 1e+38 1e+38 20.9719 73.1703 12.7384 98.6906 1e+38 1e+38 1e+38 75.2571 1e+38 80.6886 15.7334 1e+38 1e+38 1e+38 1e+38 1e+38 1e+38 1e+38 1e+38 1e+38 40.929 65.0691 15.6978 1e+38 1e+38 1e+38 1e+38 1e+38 0 1 1e+38 1e+38 1.56757 1e+38 1e+38 1e+38 72.7864 1e+38 1e+38 1e+38 1e+38 1e+38 1e+38 1e+38 1e+38 1e+38 1e+38 1e+38 1e+38 1e+38 54.187 1e+38 1e+38 69.8847 0.264029 53.1869 1e+38 5.88942 1e+38 1e+38 1e+38 42.9494 1e+38 1e+38 1e+38 1e+38 1e+38 1e+38 1e+38 1e+38 1e+38 1e+38 1e+38 93.8172 22.8796 1e+38 1e+38 8.49393 
1e+38 1e+38 87.0202 1e+38 1e+38 1e+38 1e+38 66.687 1e+38 1e+38 72.5764 21.1857 1e+38 6.86309 1e+38 1e+38 1e+38 1e+38 41.8221 1e+38 1e+38 1e+38 1e+38 1e+38 1e+38 1e+38 1e+38 46.7047 1e+38 1e+38 55.1986 71.4954 1e+38 1e+38 1e+38 7.0683 1e+38 1e+38 1e+38 1e+38 1e+38 1e+38 77.8224 1e+38 1e+38 1e+38 1e+38 1e+38 67.3467 1e+38 1e+38 0 1 1e+38 1e+38 1e+38 1e+38 1e+38 1e+38 1e+38 1e+38 1e+38 1e+38 1e+38 1e+38 1e+38 1e+38 1e+38 72.9471 1e+38 1e+38 1e+38 1e+38 37.1728 1e+38 1e+38 1e+38 1e+38 33.0131 46.477 51.0108 1e+38 1e+38 12.9428 85.6052 62.4471 98.6999 1e+38 1e+38 1e+38 1e+38 23.9813 1e+38 1e+38 1e+38 1e+38 1e+38 1e+38 1e+38 6.36573 
1e+38 1e+38 1e+38 1e+38 1e+38 1e+38 3.13352 1e+38 1e+38 1e+38 1e+38 1e+38 46.4317 1e+38 58.9832 1e+38 1e+38 1e+38 1.47691 1e+38 1e+38 1e+38 41.1028 1e+38 1e+38 1e+38 1e+38 1e+38 1e+38 1e+38 1e+38 1e+38 1e+38 35.427 1e+38 1e+38 1e+38 1e+38 1e+38 1e+38 1e+38 1e+38 1e+38 1e+38 1e+38 1e+38 32.2945 1e+38 1e+38 1e+38 40.2672 1e+38 0 1 1e+38 1e+38 1e+38 1e+38 1e+38 1e+38 1e+38 13.325 1e+38 1e+38 1e+38 1e+38 1e+38 1e+38 1e+38 0.65145 51.1004 1e+38 1e+38 1e+38 4.4136 81.6522 1e+38 36.7081 1e+38 1e+38 1e+38 1e+38 11.1785 1e+38 26.435 1e+38 91.6467 29.6402 1e+38 1e+38 1e+38 1e+38 1e+38 1e+38 1e+38 55.4489 1e+38 1e+38 1e+38 0.318802 
53.7781 58.9607 1e+38 1e+38 1e+38 1e+38 1e+38 1e+38 1e+38 1e+38 1e+38 1e+38 1e+38 1e+38 1e+38 1e+38 1e+38 1e+38 1e+38 1e+38 1e+38 1e+38 84.3197 2.94717 1e+38 1e+38 1e+38 1e+38 1e+38 1e+38 1e+38 1e+38 1e+38 1e+38 1e+38 1e+38 1e+38 61.9687 1e+38 1e+38 1e+38 1e+38 1e+38 1e+38 76.0599 62.2656 2.47574 1e+38 1e+38 1e+38 1e+38 1e+38 1e+38 0 1 1e+38 1e+38 1e+38 1e+38 48.64 1e+38 1e+38 1e+38 1e+38 1e+38 1e+38 94.2178 1e+38 6.64988 28.5579 1e+38 1e+38 1e+38 1e+38 1e+38 1e+38 1e+38 1e+38 25.8237 1e+38 13.6667 1e+38 1e+38 33.6167 1e+38 6.29016 1e+38 1e+38 1e+38 1e+38 1e+38 1e+38 1e+38 1e+38 1e+38 1e+38 1e+38 1e+38 1e+38 62.1582 
55.007 44.9533 38.7574 33.1756 1e+38 38.3517 1e+38 13.5101 1e+38 13.2278 1e+38 54.0884 1e+38 1e+38 87.705 1e+38 42.3043 1e+38 1e+38 71.3317 1e+38 1e+38 1e+38 1e+38 1e+38 1e+38 1e+38 68.2319 48.033 83.9675 1e+38 1e+38 1e+38 1e+38 1e+38 27.0198 7.49913 1e+38 40.5299 47.9208 36.8476 1e+38 1e+38 1e+38 70.6092 1e+38 1e+38 12.9134 56.6768 4.02956 1e+38 1e+38 1e+38 73.5976 0 1 1e+38 30.7802 1e+38 1e+38 1e+38 1e+38 46.2545 43.6685 86.4191 1e+38 1e+38 1e+38 6.08994 1e+38 1e+38 1e+38 1e+38 43.8482 1e+38 1e+38 33.5624 1e+38 29.3359 90.2392 1e+38 13.581 1e+38 1e+38 1e+38 1e+38 1e+38 1e+38 34.8913 1e+38 1e+38 1e+38 1e+38 1e+38 1e+38 1e+38 54.2992 63.9959 1e+38 60.3891 
1e+38 51.3289 1e+38 1e+38 1e+38 1e+38 1e+38 1e+38 1e+38 1e+38 1e+38 1e+38 1e+38 1e+38 1e+38 1e+38 1e+38 1e+38 49.9053 1e+38 1e+38 1e+38 1e+38 1e+38 47.3089 1e+38 57.4283 1e+38 1e+38 66.9182 1e+38 54.5941 1e+38 1e+38 1e+38 1e+38 37.9798 1e+38 42.1636 1e+38 1e+38 1e+38 76.5037 1e+38 1e+38 52.3273 1e+38 1e+38 1e+38 1e+38 1e+38 1e+38 1e+38 1e+38 1e+38 0 1 1e+38 1e+38 1e+38 1e+38 64.0681 1e+38 1e+38 1e+38 1e+38 63.7288 67.3717 1e+38 1e+38 1e+38 44.5458 67.0345 1e+38 1e+38 1e+38 3.23272 1e+38 93.7353 1e+38 10.2123 1e+38 1e+38 1e+38 1e+38 29.9486 63.8291 66.9562 1e+38 65.9 1e+38 1e+38 1e+38 64.3543 1e+38 1e+38 1e+38 1e+38 26.7317 80.6607 
1e+38 1e+38 25.2065 14.1056 52.0387 29.9758 75.7173 1e+38 1e+38 1e+38 11.6546 1e+38 1e+38 1e+38 36.0925 1e+38 63.8406 1e+38 1e+38 1e+38 1e+38 1e+38 86.074 1e+38 12.3519 1e+38 1e+38 1e+38 1e+38 81.8815 8.98448 51.7739 1e+38 34.191 1e+38 1e+38 64.1668 1e+38 1e+38 1e+38 1e+38 1e+38 1e+38 78.7986 1e+38 1e+38 1e+38 1e+38 1e+38 31.1214 58.6409 1e+38 1e+38 1e+38 97.0324 91.471 0 1 19.7947 1e+38 34.0637 1e+38 1e+38 17.0785 62.9702 1e+38 52.1321 1e+38 1e+38 1e+38 1e+38 1e+38 1e+38 1e+38 62.0403 80.3086 1e+38 1e+38 1e+38 24.1455 1e+38 38.6618 1e+38 1e+38 83.3767 1e+38 1e+38 91.6157 74.6028 1e+38 1e+38 1e+38 1e+38 1e+38 1e+38 1e+38 99.8684 77.8771 73.9147 72.0605 
1e+38 1e+38 1e+38 1e+38 1e+38 1e+38 1e+38 1e+38 50.8647 25.1006 93.8273 15.5083 1e+38 1e+38 59.271 47.1392 1e+38 1e+38 1e+38 1e+38 49.533 1e+38 1e+38 1e+38 1e+38 1e+38 80.1184 1e+38 1e+38 54.0331 1e+38 1e+38 81.7656 1e+38 1e+38 1e+38 57.1591 1e+38 1e+38 1e+38 83.8133 1e+38 23.5322 1e+38 1e+38 82.8032 1e+38 87.0839 1e+38 1e+38 1e+38 1e+38 1e+38 1e+38 1e+38 1e+38 78.8785 0 1 1e+38 94.3329 1e+38 56.2677 76.0986 1e+38 1e+38 38.8217 1e+38 1e+38 71.2265 1e+38 1e+38 1e+38 1e+38 1e+38 1e+38 97.6711 1e+38 1e+38 1e+38 1e+38 1e+38 1e+38 1e+38 61.5413 62.0013 1e+38 1e+38 1e+38 1e+38 47.8258 1e+38 42.4948 1e+38 1e+38 1e+38 1e+38 11.5543 51.9596 2.60746 
1e+38 1e+38 15.034 1e+38 1e+38 75.0363 1e+38 1e+38 1e+38 1e+38 1e+38 1e+38 1e+38 32.6331 1e+38 1e+38 1e+38 1e+38 1e+38 96.9356 93.4056 1e+38 1e+38 1e+38 1e+38 1e+38 1e+38 1e+38 77.8568 1e+38 1e+38 60.6376 99.8028 31.9654 40.8772 57.9661 1e+38 64.0232 1e+38 1e+38 17.1595 44.6138 1e+38 1e+38 1e+38 1e+38 1e+38 1e+38 1e+38 1e+38 1e+38 68.2582 1e+38 1e+38 1e+38 16.576 1e+38 1e+38 0 1 1e+38 1e+38 1e+38 1e+38 1e+38 8.06074 22.9829 1e+38 72.0839 1e+38 1e+38 1e+38 1e+38 1e+38 92.8522 1e+38 1e+38 1e+38 30.5255 1e+38 1e+38 1e+38 1e+38 1e+38 1e+38 1e+38 1e+38 1e+38 1e+38 1e+38 96.9643 1e+38 1e+38 64.1479 1e+38 1e+38 1e+38 1e+38 22.6102 44.2925 
61.8282 46.1639 1e+38 1e+38 24.4134 1e+38 1e+38 1e+38 70.8398 1e+38 1e+38 55.3015 1e+38 1e+38 1e+38 93.4669 1e+38 1e+38 1e+38 1e+38 1.47678 1e+38 1e+38 1e+38 1e+38 1e+38 1e+38 1e+38 89.0503 15.9138 1e+38 50.8785 1e+38 1e+38 1e+38 1e+38 1e+38 1e+38 1e+38 1e+38 28.3684 1e+38 47.5641 1e+38 47.6792 1e+38 53.5728 0.746553 56.8664 1e+38 1e+38 58.3432 18.3077 1e+38 1e+38 1e+38 51.5941 1e+38 80.5113 0 1 42.0099 1e+38 87.1302 37.0445 1e+38 73.6214 58.4672 1e+38 1e+38 1e+38 1e+38 1e+38 98.2939 1e+38 5.79703 1e+38 23.6471 1e+38 1e+38 61.1052 1e+38 1e+38 79.4129 1e+38 1e+38 1e+38 1e+38 2.05055 1e+38 1e+38 27.103 1e+38 3.53854 1e+38 2.28381 1e+38 1e+38 1e+38 70.7652 
88.236 1e+38 1e+38 1e+38 1e+38 1e+38 1e+38 71.642 74.455 1e+38 90.3756 1e+38 1e+38 1e+38 1e+38 1e+38 60.3645 1e+38 82.0316 1e+38 1e+38 94.0473 1e+38 46.1597 97.5859 1e+38 1e+38 86.7511 1e+38 1e+38 1e+38 1e+38 20.6754 1e+38 1e+38 1e+38 1e+38 78.3466 1e+38 1e+38 37.041 1e+38 1e+38 1e+38 1e+38 1e+38 38.5844 20.2847 71.737 1e+38 1e+38 52.6574 1e+38 72.2178 1e+38 12.2492 1e+38 1e+38 99.0003 1e+38 0 1 47.4169 1e+38 1e+38 1e+38 1e+38 1e+38 1e+38 1e+38 47.3371 1e+38 2.14054 1e+38 1e+38 1e+38 1e+38 1e+38 1e+38 32.193 76.1248 1e+38 1e+38 1e+38 37.2631 1e+38 1e+38 1e+38 30.9281 1e+38 1e+38 87.3832 58.5542 28.2239 1e+38 1e+38 1e+38 1e+38 1e+38 53.7958 
1e+38 1e+38 42.796 1e+38 1e+38 1e+38 1e+38 91.3482 1e+38 1e+38 1e+38 1e+38 1e+38 8.39168 82.1422 30.6225 1e+38 85.1795 43.8546 1e+38 1e+38 1e+38 10.3706 45.7714 1e+38 1e+38 1e+38 1e+38 1e+38 36.2371 1e+38 1e+38 1e+38 1e+38 1e+38 1e+38 1e+38 1e+38 1e+38 1e+38 1e+38 1e+38 1e+38 1e+38 1e+38 1e+38 1e+38 1e+38 84.9394 1e+38 1e+38 72.1565 79.4347 1e+38 1e+38 1e+38 1e+38 1e+38 1e+38 1e+38 53.2571 0 1 1e+38 46.8744 1e+38 1e+38 57.9088 1e+38 68.5472 1e+38 9.13081 1e+38 1.79009 1e+38 9.94043 1e+38 0.344976 1e+38 86.4893 55.118 1e+38 1e+38 1e+38 1e+38 1e+38 1e+38 42.3346 1e+38 1e+38 64.5072 46.8509 1e+38 1e+38 20.8272 1e+38 1e+38 1e+38 1e+38 1.19234 
1e+38 1e+38 1e+38 1e+38 40.2218 1e+38 1e+38 41.7717 1e+38 1e+38 1e+38 1e+38 3.6737 1e+38 89.7654 1e+38 1e+38 1e+38 1e+38 1e+38 10.5538 1e+38 3.92513 1e+38 1e+38 1e+38 1e+38 1e+38 71.1672 1e+38 73.272 86.1292 49.0711 83.5952 1e+38 1e+38 1e+38 1e+38 31.0645 1e+38 32.9323 1e+38 1e+38 1e+38 1e+38 28.4178 1e+38 1e+38 85.0561 20.5693 1e+38 1e+38 1e+38 1e+38 1e+38 91.3072 1e+38 1e+38 1e+38 1e+38 1e+38 1e+38 0 1 20.2541 1e+38 61.0231 1e+38 1e+38 1e+38 1e+38 1e+38 1e+38 1e+38 54.528 1e+38 1e+38 1e+38 1e+38 39.1651 82.5177 1e+38 1e+38 1e+38 1e+38 1e+38 1e+38 40.3216 2.43465 1e+38 6.9532 25.0939 72.0963 59.714 1e+38 92.3504 1e+38 1e+38 1e+38 33.6038 
1e+38 1e+38 1e+38 1e+38 1e+38 6.05393 1e+38 1e+38 1e+38 6.35148 1e+38 1e+38 1e+38 36.7287 1e+38 1e+38 1e+38 1e+38 1e+38 1e+38 38.751 1e+38 1e+38 1e+38 32.3426 1e+38 1e+38 1e+38 1e+38 1e+38 14.5604 1e+38 1e+38 1e+38 1e+38 1e+38 1e+38 1e+38 53.6032 1e+38 1e+38 55.5567 1e+38 1e+38 1e+38 1e+38 1e+38 19.4288 1e+38 37.4969 1e+38 1e+38 1e+38 1e+38 74.8379 1e+38 1e+38 1e+38 1e+38 64.5185 1e+38 1e+38 23.7968 0 1 84.4232 50.1326 76.2116 44.0429 3.73577 16.3543 1e+38 59.2925 1e+38 1e+38 51.5779 1e+38 1e+38 1e+38 1e+38 1e+38 20.0137 18.1732 1e+38 1e+38 1e+38 18.3939 1e+38 1e+38 1e+38 1e+38 48.2292 1e+38 1e+38 1e+38 1e+38 1e+38 1e+38 60.0866 95.649 
61.4155 76.4409 1e+38 1e+38 1e+38 1e+38 72.2858 12.4008 1e+38 1e+38 1e+38 56.2491 63.3062 1e+38 1e+38 1e+38 1e+38 50.5688 65.8665 1e+38 1e+38 1e+38 97.0435 1e+38 76.4355 1e+38 1e+38 1e+38 62.2703 1e+38 23.6905 23.6857 1e+38 1e+38 1e+38 1e+38 91.4988 16.6795 1e+38 1e+38 1e+38 1e+38 1e+38 23.2783 1e+38 70.3714 1e+38 1e+38 1e+38 1e+38 1e+38 1e+38 1e+38 63.4173 1e+38 61.8316 1e+38 41.5845 1e+38 30.2781 1e+38 1e+38 1e+38 1e+38 0 1 26.3819 1e+38 15.037 1e+38 1e+38 1e+38 69.8694 54.5599 1e+38 1e+38 1e+38 8.56459 1e+38 45.8715 1e+38 93.5948 59.199 70.1044 1e+38 1e+38 1e+38 1e+38 1e+38 21.8091 1e+38 1e+38 1e+38 1e+38 1e+38 1e+38 1e+38 1e+38 1e+38 22.6565 
1e+38 1e+38 1e+38 1e+38 83.6294 1e+38 1e+38 1e+38 1e+38 1e+38 1e+38 89.2259 1e+38 13.6311 1e+38 1e+38 1e+38 1e+38 1e+38 1e+38 1e+38 73.2625 1e+38 48.4481 1e+38 83.0598 1e+38 1e+38 3.81158 1e+38 12.8005 39.3973 1e+38 10.4661 1e+38 1e+38 1e+38 1e+38 60.7037 10.9369 2.30653 1e+38 0.162782 1e+38 1e+38 1e+38 1e+38 1e+38 1e+38 1e+38 1e+38 1e+38 1e+38 1e+38 1e+38 4.93466 1e+38 1e+38 95.0786 1e+38 1e+38 7.8791 1e+38 46.9787 1e+38 0 1 1e+38 1e+38 59.8255 1e+38 53.8532 1e+38 1e+38 1e+38 3.7281 1e+38 1e+38 1e+38 1e+38 1e+38 1e+38 1e+38 1e+38 1e+38 1e+38 1e+38 1e+38 1e+38 1e+38 1e+38 1e+38 1e+38 1e+38 86.6978 1e+38 1e+38 1e+38 1e+38 43.7597 
1e+38 1e+38 97.6128 1e+38 1e+38 1e+38 24.3344 1e+38 12.9801 1e+38 58.8743 85.403 1e+38 1e+38 1e+38 1e+38 91.0586 80.0039 1e+38 1e+38 74.8503 1e+38 1e+38 1e+38 81.9827 1e+38 1e+38 1e+38 1e+38 1e+38 1e+38 1e+38 1e+38 1e+38 1e+38 1e+38 1e+38 55.135 1e+38 1e+38 1e+38 15.0513 1e+38 8.10105 1e+38 1e+38 1e+38 1e+38 1e+38 1e+38 1e+38 1e+38 1e+38 1e+38 1e+38 79.7223 1e+38 14.969 1e+38 1e+38 1e+38 1e+38 1e+38 1e+38 87.4417 1e+38 0 1 1e+38 1e+38 1e+38 1e+38 1e+38 1e+38 1e+38 1e+38 98.5165 26.0583 1e+38 1e+38 1e+38 86.1757 1e+38 40.1902 1e+38 1e+38 1e+38 1e+38 1e+38 1e+38 1e+38 1e+38 45.704 1e+38 1e+38 33.1457 1e+38 6.25923 1e+38 1.0193 
91.3245 36.8283 30.0211 91.4411 1e+38 1e+38 1e+38 1e+38 93.1822 1e+38 12.3816 35.6328 1e+38 13.541 1e+38 1e+38 31.0229 95.7356 1e+38 1e+38 1e+38 1e+38 1e+38 1e+38 1e+38 32.7465 48.4159 1e+38 1e+38 1e+38 1e+38 1e+38 1e+38 1e+38 1e+38 1e+38 1e+38 97.2054 12.5258 1e+38 31.5673 1e+38 1e+38 52.1051 1e+38 79.3915 1e+38 1e+38 1e+38 7.55629 1e+38 1e+38 1e+38 88.3208 1e+38 37.2966 21.0673 1e+38 1e+38 60.0731 82.6557 91.4941 1e+38 1e+38 99.1236 1e+38 56.3172 0 1 68.843 1e+38 1e+38 1e+38 1e+38 93.0525 1e+38 24.7727 1e+38 1e+38 99.8998 1e+38 1e+38 44.5931 1e+38 1e+38 4.55668 1e+38 44.0039 1e+38 1e+38 1e+38 1e+38 24.4215 1e+38 89.352 1e+38 6.65511 45.6692 1e+38 16.0352 
1e+38 1e+38 1e+38 1e+38 1e+38 50.0352 1e+38 9.38858 1e+38 42.1323 9.28838 1e+38 76.748 1e+38 1e+38 1e+38 1e+38 1e+38 1e+38 1e+38 1e+38 1e+38 1e+38 1e+38 1e+38 56.318 1e+38 1e+38 1e+38 1e+38 1e+38 1e+38 1e+38 1e+38 1e+38 1e+38 1e+38 1e+38 1e+38 93.1399 1e+38 1e+38 93.0328 84.1043 1e+38 1e+38 1e+38 33.8431 75.3504 1e+38 1e+38 1e+38 1e+38 1e+38 1e+38 1e+38 1e+38 1e+38 66.3899 30.4887 1e+38 31.3261 1e+38 45.7854 1e+38 1e+38 1e+38 1e+38 0 1 1e+38 44.3307 1e+38 1e+38 1e+38 57.795 86.0425 12.224 91.638 1e+38 1e+38 1e+38 1e+38 14.9444 1e+38 37.3359 1e+38 97.5402 1e+38 1e+38 28.0288 1e+38 30.1492 1e+38 1e+38 1e+38 1e+38 1e+38 1e+38 83.7417 
68.7342 1e+38 1e+38 1e+38 1e+38 56.5074 8.9193 1e+38 1e+38 0.557338 1e+38 1e+38 1e+38 1e+38 1e+38 66.4515 93.4252 1e+38 63.9917 79.3205 54.6337 92.0205 1e+38 84.7829 1e+38 1e+38 1e+38 1e+38 1e+38 1e+38 97.5465 28.608 3.70232 1e+38 79.7323 1e+38 1e+38 1e+38 1e+38 50.8578 1e+38 52.0916 1e+38 1e+38 1e+38 1e+38 1e+38 1.60617 1e+38 1e+38 1e+38 1e+38 9.08539 1e+38 77.8951 1e+38 25.7036 1e+38 1e+38 1e+38 22.8424 87.4742 1e+38 1e+38 1e+38 1e+38 1e+38 1e+38 1e+38 0 1 1e+38 86.9949 5.36796 58.3998 1e+38 1e+38 11.473 96.782 26.5144 1e+38 1e+38 19.6266 37.6232 1e+38 1e+38 1e+38 1e+38 1e+38 1e+38 1e+38 66.4362 1e+38 1e+38 92.9809 4.24122 1e+38 61.5318 1e+38 53.3593 
1e+38 1e+38 1e+38 83.43 1e+38 1e+38 1e+38 1e+38 1e+38 1e+38 1e+38 1e+38 1e+38 1e+38 1e+38 4.50255 1e+38 74.9174 1e+38 1e+38 1e+38 1e+38 1e+38 1e+38 1e+38 1e+38 1e+38 91.9616 1e+38 1e+38 45.3209 43.5826 1e+38 1e+38 27.0126 69.8852 1e+38 5.61849 1e+38 49.0059 1e+38 1e+38 1e+38 1e+38 1e+38 33.7253 1e+38 1e+38 1e+38 1e+38 1e+38 1e+38 1e+38 60.8042 1e+38 1e+38 1e+38 1e+38 1e+38 1e+38 1e+38 22.9709 1e+38 1e+38 1e+38 1e+38 1e+38 1e+38 1e+38 1e+38 0 1 1e+38 1e+38 1e+38 1e+38 1e+38 1e+38 1e+38 1e+38 1e+38 1e+38 1e+38 1e+38 1e+38 1e+38 93.9189 53.1007 1e+38 1e+38 46.6681 1e+38 1e+38 1e+38 1e+38 87.9691 1e+38 1e+38 1e+38 17.7617 
9.62917 1e+38 1e+38 85.9991 1e+38 1e+38 21.7354 1e+38 76.9355 1e+38 1e+38 1e+38 1e+38 1e+38 1e+38 1e+38 69.0183 1e+38 5.10083 1e+38 1e+38 51.7689 1e+38 1e+38 1e+38 1e+38 1e+38 1e+38 1e+38 12.2702 1.32926 1e+38 1e+38 1e+38 1e+38 1e+38 1e+38 1e+38 1e+38 0.253328 1e+38 63.2953 1e+38 1e+38 76.7538 1e+38 82.3919 45.7721 1e+38 87.4927 1.304 66.9478 1e+38 47.7447 1e+38 1e+38 1e+38 32.7313 1e+38 76.7347 1e+38 1e+38 1e+38 1e+38 1e+38 1e+38 1e+38 52.9418 1e+38 82.4239 1e+38 0 1 1e+38 19.6192 1e+38 1e+38 2.01114 1e+38 1e+38 1e+38 69.5491 1e+38 1e+38 17.2938 1e+38 3.61419 1e+38 51.9939 1e+38 1e+38 1e+38 1e+38 1e+38 86.0917 1e+38 75.6521 1e+38 1e+38 79.8069 
2.51607 1e+38 1e+38 1e+38 1e+38 1e+38 70.7083 1e+38 90.6648 38.9534 1e+38 1e+38 1e+38 15.3811 1e+38 1e+38 34.6437 12.5484 51.5585 1e+38 1e+38 1e+38 83.633 96.3548 11.1827 1e+38 1e+38 86.8347 1e+38 1e+38 1e+38 92.333 9.633 1e+38 1e+38 1e+38 1e+38 1e+38 96.7808 1e+38 1e+38 1e+38 95.1631 1e+38 1e+38 1e+38 84.529 1e+38 1e+38 36.0875 85.4166 1e+38 1e+38 1e+38 1e+38 1e+38 1e+38 1e+38 1e+38 28.5913 1e+38 1e+38 1e+38 1e+38 1e+38 61.4926 1e+38 14.8079 72.7692 1e+38 1e+38 1e+38 0 1 81.7319 1e+38 1e+38 1e+38 1e+38 1e+38 1e+38 1e+38 1e+38 1e+38 1.2461 1e+38 1e+38 40.0205 59.8459 81.9775 68.6118 47.2762 1e+38 1e+38 1e+38 1e+38 1e+38 1e+38 42.0656 23.7978 
1e+38 1e+38 1e+38 1e+38 1e+38 1e+38 1e+38 1e+38 94.7899 1e+38 71.6043 1e+38 1e+38 1e+38 89.6296 1e+38 1e+38 1e+38 1e+38 1e+38 1e+38 1e+38 1e+38 1e+38 1e+38 84.5106 1e+38 79.0664 1e+38 1e+38 1e+38 1e+38 1e+38 1e+38 1e+38 1e+38 1e+38 1e+38 1e+38 1e+38 1e+38 37.7285 1e+38 1e+38 46.2656 1e+38 1e+38 1e+38 1e+38 1e+38 72.2099 1e+38 1e+38 1e+38 1e+38 1e+38 1e+38 1e+38 6.67041 64.0721 1e+38 1e+38 49.0334 1e+38 1e+38 1e+38 1e+38 37.3861 1e+38 1e+38 10.3662 1e+38 1e+38 0 1 45.5522 1e+38 1e+38 1e+38 1e+38 1e+38 97.0768 1e+38 1e+38 1e+38 2.86845 1e+38 1e+38 1e+38 1e+38 1e+38 1e+38 1e+38 19.4551 1e+38 1e+38 55.0961 1e+38 1e+38 26.992 
1e+38 1e+38 1e+38 66.4474 1e+38 1e+38 1e+38 1e+38 1e+38 36.8666 1e+38 72.6314 1e+38 64.6352 1e+38 1e+38 67.5036 1e+38 49.751 10.656 87.5738 1e+38 1e+38 1e+38 39.6278 1e+38 1e+38 1e+38 1e+38 1e+38 21.716 1e+38 1e+38 53.2856 14.9993 45.2174 1e+38 1e+38 1e+38 1e+38 1e+38 1e+38 1e+38 1e+38 71.6039 68.1985 1e+38 39.1075 1e+38 1e+38 1e+38 1e+38 1e+38 1e+38 1e+38 50.7621 91.1709 1e+38 1e+38 72.5619 1e+38 1e+38 1e+38 1e+38 1e+38 1e+38 1e+38 1e+38 63.1122 13.9455 76.4734 1e+38 1e+38 1e+38 0 1 1e+38 1e+38 1e+38 1e+38 56.9588 81.3891 1e+38 1e+38 1e+38 1e+38 1e+38 1e+38 1e+38 1e+38 1e+38 1e+38 1e+38 1e+38 1e+38 1e+38 1e+38 1e+38 1e+38 80.844 
1e+38 1e+38 1e+38 1e+38 54.0824 32.6086 1e+38 1e+38 1e+38 1e+38 2.99414 55.5647 1e+38 1e+38 1e+38 1e+38 1e+38 1e+38 1e+38 47.3546 1e+38 1e+38 53.8326 38.3972 87.6232 1e+38 1e+38 1e+38 15.0516 1e+38 1e+38 49.3896 1e+38 94.0207 1e+38 1e+38 1e+38 1e+38 1e+38 25.2352 1e+38 1e+38 1e+38 92.5931 67.8631 1e+38 1e+38 1e+38 1e+38 1e+38 1e+38 1e+38 1.65444 1e+38 1e+38 1e+38 42.6469 1e+38 1e+38 57.6985 1e+38 1e+38 1e+38 1e+38 1e+38 1e+38 77.246 1e+38 1e+38 21.3764 1e+38 95.9499 1e+38 1e+38 1e+38 0 1 1e+38 83.1648 1e+38 1e+38 77.3201 1e+38 1e+38 1e+38 1e+38 1e+38 1e+38 1e+38 1e+38 1e+38 1e+38 1e+38 1e+38 93.7235 1e+38 1e+38 1e+38 1e+38 8.61312 
1e+38 1e+38 1e+38 1e+38 1e+38 1e+38 97.2111 23.2808 1e+38 80.3759 1e+38 1e+38 1e+38 1e+38 2.13914 1e+38 99.9851 1e+38 1e+38 1e+38 1e+38 76.6124 71.5999 1e+38 1e+38 1e+38 1e+38 1e+38 36.2928 1e+38 1e+38 1e+38 1e+38 1e+38 1e+38 1e+38 1e+38 1e+38 39.102 1e+38 1e+38 1e+38 1e+38 1e+38 1e+38 1e+38 1e+38 1e+38 1e+38 1e+38 1e+38 1e+38 1e+38 1e+38 82.9835 1e+38 1e+38 1e+38 1e+38 77.1487 7.3605 1e+38 1e+38 11.8753 1e+38 1e+38 1e+38 1e+38 1e+38 1e+38 1e+38 1e+38 1e+38 1e+38 1e+38 1e+38 0 1 1e+38 1e+38 1e+38 1e+38 1e+38 1e+38 1e+38 1e+38 1e+38 1e+38 1e+38 1e+38 1e+38 1e+38 1e+38 24.0123 29.5898 7.80631 1e+38 1e+38 1e+38 1.2554 
1e+38 75.8525 1e+38 1e+38 1e+38 1e+38 1e+38 1e+38 1e+38 1e+38 1e+38 1e+38 62.1022 1e+38 1e+38 62.3226 22.3535 42.0291 1e+38 32.7075 60.911 1e+38 50.422 1e+38 1e+38 1e+38 1e+38 1e+38 1e+38 1e+38 1e+38 1e+38 1e+38 1e+38 73.5938 1e+38 1e+38 1e+38 1e+38 1e+38 1e+38 1e+38 92.2884 1e+38 1e+38 1e+38 1e+38 1e+38 1e+38 1e+38 1e+38 1e+38 1e+38 68.2716 1e+38 1e+38 1e+38 1e+38 87.6715 1e+38 1e+38 1e+38 1e+38 1e+38 70.3231 1e+38 1e+38 1e+38 10.8109 51.361 57.1858 38.4781 1e+38 1e+38 1e+38 1e+38 1e+38 0 1 19.4212 1e+38 61.2951 36.3203 1e+38 1e+38 1e+38 35.6948 1e+38 1e+38 1e+38 63.4315 1e+38 1e+38 1e+38 21.7809 1e+38 1e+38 1e+38 1e+38 41.7649 
1e+38 15.6309 80.243 73.7638 1e+38 1e+38 32.0671 28.5383 88.8299 1e+38 47.9595 1e+38 1e+38 1e+38 37.6046 1e+38 1e+38 73.2994 1e+38 78.442 1e+38 1e+38 1e+38 1e+38 18.052 51.0628 1e+38 1e+38 1e+38 1e+38 1e+38 1e+38 1e+38 1e+38 1e+38 60.5989 1e+38 1e+38 89.1372 68.3342 1e+38 1e+38 1e+38 1e+38 21.3765 1e+38 1e+38 1e+38 1e+38 1e+38 1e+38 1e+38 1e+38 7.35405 1e+38 10.6587 1e+38 1e+38 1e+38 36.3677 1e+38 50.4357 92.5678 1e+38 1e+38 1e+38 31.8176 0.953954 1e+38 1e+38 1e+38 22.1062 58.0514 1e+38 96.4576 1e+38 92.8812 1e+38 0 1 22.134 1e+38 1e+38 1e+38 64.4843 71.7872 1e+38 1e+38 67.6491 1e+38 1e+38 1e+38 1e+38 1e+38 14.5926 1e+38 1e+38 46.4102 1e+38 58.9308 
1e+38 1e+38 1e+38 25.4164 1e+38 1e+38 1e+38 1e+38 1e+38 1e+38 1e+38 36.8121 1e+38 1e+38 51.5528 1e+38 1e+38 1e+38 28.4182 1e+38 62.0165 1e+38 1e+38 1e+38 1e+38 1e+38 1e+38 1e+38 1e+38 1e+38 1e+38 1e+38 39.5611 1e+38 1e+38 29.0351 1e+38 1e+38 1e+38 46.0324 1.81913 1e+38 82.8445 1e+38 67.0025 34.3973 48.369 15.2674 11.3496 1e+38 1e+38 1e+38 1e+38 1e+38 1e+38 1e+38 1e+38 1e+38 1e+38 1e+38 1e+38 90.7128 72.2967 77.279 1e+38 1e+38 1e+38 1e+38 1e+38 17.7043 1e+38 1e+38 1e+38 1e+38 1e+38 1e+38 39.2011 96.3257 90.4989 0 1 1e+38 23.9168 37.5872 1e+38 1e+38 1e+38 1e+38 1e+38 59.4754 1e+38 1e+38 50.1882 33.4372 1e+38 1e+38 1e+38 41.4588 70.6876 22.0921 
1e+38 1e+38 1e+38 67.3922 1e+38 1e+38 42.6238 1e+38 1e+38 1e+38 1e+38 44.5923 1e+38 1e+38 1e+38 1e+38 1e+38 23.7649 1e+38 1e+38 83.2403 4.59279 1e+38 33.4285 1e+38 1e+38 28.1892 56.8363 60.5356 1e+38 78.9284 1e+38 91.5236 1e+38 87.091 1e+38 1e+38 1e+38 25.6257 1e+38 1e+38 1e+38 1e+38 1e+38 1e+38 1e+38 84.5932 29.8656 1e+38 1e+38 1e+38 86.5355 32.6383 39.8638 19.964 1e+38 1e+38 1e+38 1e+38 1e+38 1e+38 1e+38 1e+38 1e+38 12.5583 26.2659 1e+38 93.8373 55.9806 1e+38 46.5957 1e+38 65.9816 43.9465 1e+38 89.9287 1e+38 1e+38 19.7942 1e+38 0 1 1e+38 1e+38 15.5899 1e+38 52.4042 1e+38 1e+38 1e+38 1e+38 1e+38 1e+38 1e+38 1e+38 98.9001 1e+38 1e+38 1e+38 15.4281 
1e+38 1e+38 34.2463 1e+38 1e+38 70.705 1e+38 1e+38 91.7569 23.3944 33.5284 1e+38 1e+38 1e+38 1e+38 1e+38 1e+38 1e+38 1e+38 1e+38 1e+38 1e+38 1e+38 1e+38 16.4291 1e+38 40.1452 75.8765 51.5322 32.8826 1e+38 1e+38 72.2157 1e+38 1e+38 1e+38 1e+38 1e+38 1e+38 1e+38 39.888 1e+38 1e+38 1e+38 1e+38 1e+38 53.7187 1e+38 1e+38 1e+38 1e+38 1e+38 1e+38 1e+38 1e+38 1e+38 1e+38 62.7452 1e+38 1e+38 1e+38 1e+38 1e+38 1e+38 35.3682 1e+38 1e+38 1e+38 1e+38 1e+38 19.6368 1e+38 81.3707 48.5039 90.2772 1e+38 1e+38 1e+38 1e+38 1e+38 86.9555 0 1 13.1625 1e+38 1e+38 1e+38 1e+38 1e+38 74.3114 19.2209 88.7408 1e+38 1e+38 1e+38 19.497 96.1016 1e+38 51.1211 7.48235 
1e+38 70.7579 1e+38 1e+38 1e+38 49.0282 1e+38 1e+38 93.0241 1e+38 45.636 79.9796 48.5485 1e+38 93.1421 53.7586 1e+38 1e+38 90.208 1e+38 1e+38 9.42891 1e+38 1e+38 10.6434 22.2097 1e+38 1e+38 1e+38 1e+38 1e+38 67.6465 1e+38 1e+38 1e+38 1e+38 1e+38 85.4023 1e+38 1e+38 1e+38 32.8777 1e+38 51.5327 1e+38 88.1525 1e+38 1e+38 1e+38 95.4993 1e+38 1e+38 1e+38 1e+38 1e+38 15.5717 1e+38 1e+38 1e+38 1e+38 72.6036 1e+38 1e+38 1e+38 9.52247 1e+38 1e+38 1e+38 1e+38 1e+38 1e+38 7.46987 1e+38 41.5703 59.0026 1e+38 29.7228 1e+38 1e+38 1e+38 59.7932 12.7712 0 1 1e+38 1e+38 1e+38 60.1075 89.4927 2.60981 97.0134 62.0962 1e+38 1e+38 1e+38 1e+38 1e+38 1e+38 1e+38 25.1349 
49.4568 1e+38 32.6048 1e+38 1e+38 1e+38 1e+38 98.0584 1e+38 20.5687 64.8745 1e+38 1e+38 92.0361 1e+38 58.6744 1e+38 1e+38 1e+38 1e+38 1e+38 15.7953 1e+38 2.47277 1e+38 1e+38 1e+38 1e+38 1e+38 1e+38 1e+38 1e+38 1e+38 95.75 1e+38 1e+38 87.3574 1e+38 1e+38 1e+38 1e+38 1e+38 1e+38 1e+38 81.4245 1e+38 1e+38 1e+38 1e+38 1e+38 1e+38 63.3972 1e+38 83.2789 65.8699 1e+38 5.24883 1e+38 1e+38 1e+38 48.3735 1e+38 1e+38 6.49335 1e+38 47.5353 32.9488 1e+38 1e+38 1e+38 1e+38 1e+38 1e+38 8.94971 95.8732 1e+38 1e+38 66.4097 1e+38 1e+38 1e+38 1e+38 1e+38 0 1 1e+38 1e+38 1e+38 1e+38 1e+38 1e+38 43.0567 1e+38 74.2896 49.55 1e+38 1e+38 1e+38 1e+38 27.3137 
1e+38 1e+38 1e+38 86.8126 52.4972 1e+38 1e+38 1e+38 73.6076 1e+38 1e+38 29.3357 1e+38 1e+38 1e+38 1e+38 1e+38 73.4944 7.68878 1e+38 17.2964 37.6611 1e+38 1e+38 1e+38 25.9614 1e+38 1e+38 8.46026 1e+38 61.0894 48.4218 1e+38 72.4142 1e+38 1e+38 1e+38 1e+38 1e+38 53.2197 1e+38 1e+38 1e+38 15.1371 1e+38 1e+38 1e+38 1e+38 46.2275 0.596982 1e+38 1e+38 1e+38 20.612 48.2529 1e+38 1e+38 1e+38 1e+38 1e+38 1e+38 45.074 1e+38 1e+38 1e+38 38.6899 1e+38 97.1003 1e+38 1e+38 1e+38 1e+38 1e+38 32.8755 1e+38 1e+38 1e+38 59.0925 1e+38 1e+38 1e+38 1e+38 1e+38 1e+38 0 1 1e+38 1e+38 1e+38 1e+38 77.2273 1e+38 77.215 80.6828 1e+38 1e+38 19.3726 1e+38 1e+38 8.38499 
1e+38 1e+38 1e+38 1e+38 1e+38 1e+38 1e+38 1e+38 84.7089 1e+38 1e+38 1e+38 1e+38 47.8038 1e+38 1e+38 11.4167 1e+38 1e+38 1e+38 1e+38 1e+38 1e+38 1e+38 1e+38 1e+38 1e+38 1e+38 1e+38 1e+38 1e+38 74.5464 1e+38 69.589 1e+38 3.48759 95.2054 1e+38 1e+38 1e+38 1e+38 1e+38 1e+38 94.6469 64.3429 1e+38 1e+38 1e+38 1e+38 1e+38 1e+38 79.8041 1e+38 1e+38 79.6624 5.54724 1e+38 1e+38 7.31907 1e+38 1e+38 1e+38 1e+38 1e+38 87.0649 1e+38 92.5647 1e+38 1e+38 1e+38 1e+38 1e+38 1e+38 1e+38 1e+38 1e+38 1e+38 1e+38 1e+38 10.3168 1e+38 1e+38 1e+38 1e+38 1e+38 0 1 1e+38 1e+38 1e+38 1e+38 1e+38 1e+38 1e+38 1e+38 27.928 81.0329 1e+38 1e+38 87.4132 
62.8975 1e+38 1e+38 1e+38 1e+38 30.7639 1e+38 1e+38 1e+38 46.9404 22.353 84.0779 1e+38 1e+38 1e+38 1e+38 1e+38 1e+38 84.6571 1e+38 1e+38 1e+38 30.8599 1e+38 51.9392 1e+38 2.84519 1e+38 1e+38 1e+38 1e+38 73.6677 1e+38 1e+38 1e+38 1e+38 1e+38 1e+38 1e+38 1e+38 1e+38 78.696 1e+38 1e+38 1e+38 88.2961 1e+38 1e+38 1e+38 1e+38 1e+38 1e+38 95.2263 1e+38 7.93439 1e+38 55.0839 10.7796 1e+38 65.8541 1e+38 1e+38 1e+38 9.24955 1e+38 1e+38 1e+38 1e+38 1e+38 1e+38 1e+38 1e+38 88.5953 1e+38 44.2025 1e+38 1e+38 1e+38 1e+38 1e+38 88.0331 1e+38 19.181 83.2593 83.4348 1e+38 0 1 1e+38 1e+38 1e+38 1e+38 11.0853 43.8947 1e+38 93.7588 1e+38 1e+38 89.3465 25.8703 
1e+38 1e+38 1e+38 23.0184 1e+38 1e+38 2.78359 1e+38 1e+38 1e+38 66.8228 1e+38 1e+38 1e+38 18.1873 1e+38 1e+38 1e+38 30.8129 1e+38 1e+38 1e+38 1e+38 1e+38 1e+38 1e+38 1e+38 92.2615 1e+38 1e+38 1e+38 1e+38 1e+38 1e+38 1e+38 41.3772 1e+38 1e+38 22.0362 67.0355 1e+38 1e+38 1e+38 1e+38 1e+38 1e+38 1e+38 1e+38 68.7629 1e+38 38.9959 1e+38 91.5768 51.7279 1e+38 1e+38 35.4275 62.2157 1e+38 1e+38 1e+38 1e+38 86.2975 1e+38 1e+38 1e+38 1e+38 1e+38 1e+38 1e+38 1e+38 1e+38 15.7721 1e+38 78.1194 1e+38 1e+38 3.69754 1e+38 6.13866 1e+38 17.6127 1e+38 51.6654 1e+38 32.2731 1e+38 0 1 1e+38 1e+38 1e+38 1e+38 1e+38 1e+38 94.3776 1e+38 1e+38 1e+38 7.0901 
1e+38 57.8652 51.9256 1e+38 75.0903 1e+38 11.7663 12.4661 33.7426 90.3831 18.6047 93.8312 1e+38 52.6807 1e+38 1e+38 1e+38 1e+38 82.1046 1e+38 1e+38 1e+38 89.5123 1e+38 1e+38 1e+38 1e+38 1e+38 41.5278 1e+38 59.0092 1e+38 1e+38 1e+38 1e+38 89.2897 40.9799 1e+38 1e+38 1e+38 1e+38 20.3605 68.5538 78.1637 73.0412 1e+38 1e+38 1e+38 1e+38 37.6047 1e+38 1e+38 1e+38 26.95 1e+38 1e+38 1e+38 68.0141 85.2876 1e+38 1e+38 44.2968 1e+38 1e+38 55.2316 46.465 1e+38 1e+38 1e+38 1e+38 1e+38 96.4176 1e+38 1e+38 1e+38 1e+38 1e+38 1e+38 1e+38 1e+38 1e+38 18.4275 70.3386 1e+38 45.3776 1e+38 69.183 1e+38 0 1 1e+38 1e+38 98.7673 1e+38 1e+38 53.9989 1e+38 1e+38 50.2104 18.1299 
1e+38 1e+38 1e+38 62.9163 1e+38 1e+38 1e+38 14.1707 1e+38 1e+38 49.5787 1e+38 1e+38 19.9173 1e+38 30.706 1e+38 1e+38 1e+38 1e+38 1e+38 1e+38 1e+38 45.1316 1e+38 9.69277 99.1304 70.3793 1e+38 49.3409 1e+38 6.02516 1e+38 3.05665 1e+38 1e+38 1e+38 1e+38 1e+38 1e+38 1e+38 94.8671 1e+38 1e+38 1e+38 1e+38 1e+38 59.324 1e+38 3.90302 96.4999 1e+38 1e+38 1e+38 1e+38 15.4861 60.3531 1e+38 1e+38 1e+38 52.8635 74.3747 59.4407 23.3489 1e+38 1e+38 1e+38 1e+38 1e+38 1e+38 1e+38 1e+38 1e+38 79.3039 1e+38 9.4068 1e+38 1e+38 68.7308 1e+38 53.7606 65.2307 1e+38 1e+38 15.891 1e+38 1e+38 76.2442 1e+38 0 1 1e+38 1e+38 1e+38 1e+38 1e+38 1e+38 1e+38 13.5219 0.717229 
1e+38 1e+38 5.70525 5.43497 1e+38 1e+38 1e+38 74.1444 1e+38 83.5726 1e+38 1e+38 1e+38 1e+38 12.1407 1e+38 1e+38 1e+38 1e+38 17.0447 1e+38 1e+38 1e+38 1e+38 1e+38 1e+38 20.8526 77.1811 1e+38 34.3745 1e+38 1e+38 28.9085 1e+38 1e+38 2.74636 1.37865 1e+38 76.8907 69.0113 1e+38 64.238 1e+38 81.3999 1e+38 1e+38 1e+38 1e+38 20.9196 87.0326 1e+38 1e+38 1e+38 1e+38 8.34064 1e+38 1e+38 1e+38 94.5104 1e+38 63.5677 1e+38 1e+38 92.4762 56.0124 1e+38 95.2225 57.391 1e+38 1e+38 1e+38 97.4085 36.3512 16.8067 1e+38 60.3999 1e+38 1e+38 1e+38 1e+38 1e+38 1e+38 1e+38 69.5659 26.9207 1e+38 1e+38 1e+38 1e+38 1e+38 0 1 1e+38 96.3078 1e+38 9.82678 1e+38 60.465 67.2178 76.9075 
1e+38 1e+38 74.316 1e+38 1e+38 53.1244 1e+38 29.7787 1e+38 50.4443 1e+38 1e+38 1e+38 1e+38 1e+38 1e+38 1e+38 46.4234 38.0837 30.9191 1e+38 1e+38 3.68548 1e+38 49.0938 1e+38 91.4702 1e+38 1e+38 58.688 1e+38 61.9714 1e+38 1e+38 30.9009 1e+38 1e+38 1e+38 1e+38 1e+38 1e+38 1e+38 1e+38 1e+38 1e+38 1e+38 1e+38 1e+38 39.4781 1e+38 56.9185 67.3071 1e+38 1e+38 1e+38 76.1965 1e+38 1e+38 1e+38 1e+38 1e+38 75.4829 1e+38 1e+38 1e+38 1e+38 1e+38 1e+38 1e+38 6.66534 1e+38 1e+38 1e+38 1e+38 82.6955 1e+38 1e+38 1e+38 1e+38 1e+38 1e+38 1e+38 30.3637 1e+38 1e+38 79.3143 1e+38 1e+38 1e+38 1e+38 1e+38 0 1 1e+38 1e+38 1e+38 78.1809 84.4123 1e+38 90.2084 
91.0776 1e+38 1e+38 1e+38 1e+38 1e+38 1e+38 1.84193 1e+38 33.3227 64.8986 1e+38 1e+38 1e+38 28.1272 1e+38 1e+38 1e+38 53.3411 1e+38 1e+38 58.8282 1e+38 68.0151 1e+38 1e+38 1e+38 63.3927 67.8282 1e+38 1e+38 1e+38 63.8054 1e+38 1e+38 1e+38 1e+38 53.0278 1e+38 76.652 1e+38 1e+38 84.4315 1e+38 4.0716 1e+38 82.8782 1e+38 1e+38 1e+38 1e+38 1e+38 95.0475 1e+38 1e+38 80.2593 1e+38 29.1713 1e+38 37.3592 45.2373 1e+38 1e+38 1e+38 63.7647 1e+38 51.1115 1e+38 68.5055 1e+38 2.53438 54.856 1e+38 1e+38 30.9553 1e+38 1e+38 13.8335 1e+38 1e+38 1e+38 1e+38 32.5871 45.1003 45.6261 1e+38 1e+38 1e+38 25.6056 69.0117 1e+38 1e+38 0 1 1e+38 30.0295 1e+38 30.9971 1e+38 32.7646 
1e+38 1e+38 87.6206 1e+38 45.4121 1e+38 1e+38 44.9367 1e+38 1e+38 81.6916 82.4622 1e+38 1e+38 1e+38 1e+38 1e+38 1e+38 1e+38 36.3186 1e+38 1e+38 1e+38 1e+38 45.8966 1e+38 1e+38 1e+38 1e+38 1e+38 1e+38 44.0634 1e+38 30.5407 1e+38 77.9982 49.1166 1e+38 1e+38 1e+38 1e+38 1e+38 1e+38 1e+38 18.905 91.5506 49.2304 1e+38 1e+38 93.8294 65.9366 1e+38 1e+38 1e+38 1e+38 1e+38 1e+38 1e+38 1e+38 1e+38 1e+38 1e+38 1e+38 1e+38 1e+38 1e+38 1e+38 1e+38 7.83451 1e+38 1e+38 1e+38 1e+38 1e+38 63.5955 4.02336 1e+38 1e+38 1e+38 1e+38 1e+38 1e+38 1e+38 1e+38 72.6762 1e+38 1e+38 1e+38 1e+38 1e+38 1e+38 1e+38 1e+38 0 1 1e+38 29.4303 1e+38 1e+38 37.2648 
1e+38 1e+38 1e+38 94.6553 27.576 44.6675 1e+38 34.215 1e+38 1e+38 1e+38 1e+38 1e+38 1e+38 1e+38 1e+38 74.968 1e+38 1e+38 19.9241 1e+38 48.4065 1e+38 1e+38 1e+38 1e+38 40.7958 1e+38 1e+38 2.18307 48.3652 1e+38 1e+38 29.4371 16.5785 42.2467 1e+38 15.2572 1e+38 31.598 1e+38 61.7884 1e+38 79.4754 1e+38 57.4953 1e+38 1e+38 1e+38 1e+38 1e+38 1e+38 1e+38 1e+38 1e+38 1e+38 1e+38 21.0917 62.6221 67.1059 1e+38 10.9873 1e+38 1e+38 40.4244 5.60765 80.1921 1e+38 1e+38 1e+38 1e+38 68.4421 1e+38 41.8738 1e+38 1e+38 1e+38 1e+38 1e+38 53.0543 1e+38 82.2021 84.3672 1e+38 1e+38 64.6631 1e+38 1e+38 1e+38 1e+38 1e+38 1e+38 1e+38 64.4353 0 1 1e+38 1e+38 1e+38 90.9078 
1e+38 1e+38 1e+38 1e+38 1e+38 1e+38 1e+38 1e+38 1e+38 1e+38 1e+38 1e+38 90.2176 28.1402 1e+38 43.7982 1e+38 1e+38 1e+38 1e+38 1e+38 1e+38 1e+38 1e+38 91.94 1e+38 1e+38 61.983 1e+38 1e+38 52.8909 45.5512 1e+38 1e+38 1e+38 1e+38 1e+38 1e+38 1e+38 1e+38 1e+38 43.9865 1e+38 1e+38 72.1267 1e+38 1e+38 1e+38 57.9986 1e+38 43.4882 1e+38 1e+38 1e+38 62.6049 1e+38 1e+38 1e+38 1e+38 1e+38 1e+38 61.6016 1e+38 1e+38 73.8424 1e+38 1e+38 1e+38 1e+38 1e+38 1e+38 1e+38 68.4353 3.48343 26.4434 1e+38 1e+38 1.62795 1e+38 1e+38 1e+38 1e+38 1e+38 1e+38 1e+38 1e+38 30.4264 1e+38 5.41768 1e+38 1e+38 1e+38 1e+38 1e+38 1e+38 0 1 1e+38 1e+38 20.6078 
1e+38 1e+38 1e+38 1e+38 1e+38 1e+38 1e+38 1e+38 1e+38 1e+38 1e+38 72.6472 1e+38 1e+38 1e+38 8.963 1e+38 1e+38 54.6582 1e+38 25.9094 27.7226 22.8864 1e+38 73.7073 1e+38 1.22924 1e+38 1e+38 1e+38 1e+38 1e+38 89.1864 1e+38 1e+38 1e+38 18.8077 1e+38 1e+38 1e+38 1e+38 1e+38 1e+38 1e+38 68.0291 1e+38 1e+38 83.4851 1e+38 1e+38 1e+38 1e+38 1e+38 1e+38 1e+38 1e+38 1e+38 1e+38 1e+38 1e+38 1e+38 1e+38 1e+38 90.4433 1e+38 1e+38 3.13848 1e+38 1e+38 1e+38 1e+38 62.1828 1e+38 22.9592 1e+38 1e+38 1e+38 97.5547 91.7065 1e+38 24.3804 1e+38 97.0238 78.9287 23.3103 1e+38 1e+38 1e+38 59.9863 1e+38 1e+38 1e+38 1e+38 1e+38 51.6865 12.0001 0 1 37.2242 32.6825 
64.952 24.9923 1e+38 5.14433 1e+38 1e+38 1e+38 1e+38 1e+38 1e+38 1e+38 1e+38 1.13738 1e+38 21.1163 1e+38 80.1672 1e+38 1e+38 1e+38 1e+38 1e+38 1.39665 1e+38 1e+38 1e+38 1e+38 1e+38 1e+38 1e+38 1e+38 72.8602 1e+38 15.9784 1e+38 1e+38 36.2309 91.3702 94.3665 54.0382 1e+38 1e+38 1e+38 1e+38 1.89624 17.3421 22.0275 82.0634 1e+38 1e+38 1e+38 49.8099 1e+38 23.6136 1e+38 1e+38 1e+38 81.3115 1e+38 1e+38 1e+38 1e+38 1e+38 1e+38 1e+38 1e+38 1e+38 1e+38 1e+38 1e+38 88.4442 23.2821 1e+38 1e+38 1e+38 2.05502 1e+38 1e+38 84.1185 47.6548 1e+38 1e+38 1e+38 68.579 1e+38 57.0253 41.2319 6.64561 1e+38 1e+38 1e+38 78.6233 1e+38 1e+38 1e+38 1e+38 1e+38 0 1 11.0246 
9.5892 1e+38 34.3067 9.74798 1e+38 1e+38 11.803 1e+38 1e+38 1e+38 1e+38 77.6172 1e+38 37.339 46.1962 1e+38 1e+38 1e+38 38.8513 1e+38 89.7435 1e+38 11.3244 1e+38 1e+38 14.2015 56.9428 1e+38 73.2514 1e+38 1e+38 82.8406 1e+38 8.33343 1e+38 1e+38 1e+38 1e+38 62.0002 61.5597 1e+38 1e+38 39.1769 2.56988 1e+38 1e+38 1e+38 33.5778 1e+38 1e+38 1e+38 1e+38 3.72874 77.6033 36.8001 1e+38 1e+38 93.7429 1e+38 65.0562 1e+38 1e+38 1e+38 1e+38 1e+38 1e+38 17.133 1e+38 1e+38 1e+38 52.9699 45.19 81.0078 92.1468 1e+38 1e+38 1e+38 1e+38 1e+38 1e+38 1e+38 1e+38 1e+38 1e+38 97.6812 49.6656 42.4372 1e+38 1e+38 1e+38 1e+38 11.1873 7.5601 1e+38 58.5396 1e+38 1e+38 75.6726 0 1 
1 79.8485 32.9913 35.8137 71.9953 80.7512 56.035 49.5152 63.2867 9.83406 99.8361 19.4491 29.9121 12.7016 79.3403 27.5933 62.3672 21.7775 17.0793 5.77561 9.76272 71.6215 16.9629 17.3228 74.0604 75.5025 52.7912 16.9847 51.1751 79.6698 4.78593 5.98102 59.5183 37.7772 41.7947 31.5136 18.5284 97.8296 81.0288 81.815 7.6637 80.865 1.26415 37.5758 93.5666 80.6045 65.1691 55.9338 2.38194 82.2484 61.7094 12.1447 53.8699 78.6723 29.4675 27.9303 54.1748 82.2587 44.9149 5.34997 61.9285 49.7009 11.331 21.4467 87.4781 53.1257 52.9604 6.00642 50.9553 33.9892 87.8214 58.619 14.8542 89.0856 96.1948 8.42074 69.6901 61.3638 64.3545 72.072 43.6122 26.0639 84.2167 97.4821 4.73616 13.6841 25.4123 58.911 95.9428 70.3273 64.2609 57.8713 20.0282 75.5919 79.318 7.50623 28.7176 32.2784 13.5127 0 
