25
0 1 1e+38 1e+38 1e+38 1e+38 1e+38 1e+38 1e+38 1e+38 1e+38 1e+38 1e+38 18.2158 1e+38 1e+38 66.4692 1e+38 1e+38 1e+38 1e+38 1e+38 1e+38 4.33088 47.7991 
1e+38 0 1 1e+38 1e+38 1e+38 1e+38 1e+38 1e+38 1e+38 1e+38 1e+38 1e+38 1e+38 1e+38 0.131077 1e+38 1e+38 1e+38 1e+38 1e+38 1e+38 1e+38 1e+38 35.176 
1e+38 1e+38 0 1 1e+38 1e+38 1e+38 1e+38 1e+38 1e+38 1e+38 39.9705 1e+38 1e+38 1e+38 1e+38 1e+38 1e+38 1e+38 52.955 86.0607 1e+38 1e+38 1e+38 54.3954 
1e+38 1e+38 1e+38 0 1 12.5761 1e+38 1e+38 1e+38 1e+38 1e+38 1e+38 1e+38 1e+38 1e+38 1e+38 1e+38 1e+38 1e+38 1e+38 1e+38 1e+38 1e+38 1e+38 72.3909 
1e+38 32.7744 1e+38 1e+38 0 1 1e+38 1e+38 1e+38 1e+38 1e+38 89.1141 1e+38 1e+38 1e+38 1e+38 1e+38 1e+38 53.3556 1e+38 1e+38 1e+38 1e+38 1e+38 92.5525 
1e+38 1e+38 92.7229 1e+38 1e+38 0 1 25.5298 1e+38 1e+38 1e+38 1e+38 1e+38 1e+38 1e+38 1e+38 1e+38 74.6463 1e+38 1e+38 1e+38 1e+38 1e+38 1e+38 88.6025 
1e+38 1e+38 1e+38 1e+38 1e+38 47.4613 0 1 1e+38 1e+38 1e+38 1e+38 1e+38 1e+38 1e+38 1e+38 1e+38 1e+38 1e+38 1e+38 1e+38 1e+38 1e+38 1e+38 38.6974 
1e+38 1e+38 1e+38 1e+38 1e+38 1e+38 1e+38 0 1 1e+38 1e+38 1e+38 1e+38 1e+38 1e+38 1e+38 1e+38 1e+38 1e+38 43.6744 1e+38 81.6665 1e+38 1e+38 32.2515 
1e+38 1e+38 1e+38 1e+38 1e+38 1e+38 1e+38 1e+38 0 1 99.3021 1e+38 1e+38 1e+38 1e+38 44.8355 1e+38 1e+38 1e+38 94.3935 1e+38 1e+38 1e+38 1e+38 38.622 
1e+38 1e+38 1e+38 1e+38 1e+38 1e+38 1e+38 1e+38 1e+38 0 1 1e+38 1e+38 1e+38 1e+38 1e+38 1e+38 1e+38 1e+38 1e+38 1e+38 1e+38 1e+38 1e+38 70.7961 
1e+38 1e+38 1e+38 1e+38 1e+38 1e+38 1e+38 1e+38 1e+38 1e+38 0 1 1e+38 1e+38 1e+38 1e+38 1e+38 1e+38 1e+38 94.0015 1e+38 1e+38 1e+38 1e+38 90.3379 
1e+38 1e+38 1e+38 1e+38 61.7088 1e+38 1e+38 1e+38 1e+38 1e+38 1e+38 0 1 1e+38 1e+38 1e+38 1e+38 1e+38 1e+38 1e+38 1e+38 1e+38 1e+38 1e+38 99.7889 
1e+38 1e+38 1e+38 7.00119 1e+38 1e+38 1e+38 1e+38 15.638 1e+38 91.3955 1e+38 0 1 1e+38 59.6481 1e+38 1e+38 1e+38 1e+38 1e+38 42.5194 1e+38 1e+38 79.5272 
1e+38 1e+38 1e+38 1e+38 1e+38 1e+38 62.9659 1e+38 70.9417 1e+38 1e+38 1e+38 1e+38 0 1 1e+38 1e+38 1e+38 1e+38 1e+38 1e+38 1e+38 1e+38 15.9743 84.4009 
69.2344 1e+38 1e+38 1e+38 1e+38 1e+38 1e+38 1e+38 1e+38 1e+38 1e+38 1e+38 1e+38 1e+38 0 1 1e+38 21.2236 1e+38 1e+38 1e+38 1e+38 1e+38 1e+38 54.8022 
1e+38 1e+38 1e+38 1e+38 1e+38 1e+38 9.07097 1e+38 1e+38 1e+38 1e+38 1e+38 1e+38 1e+38 1e+38 0 1 1e+38 1e+38 1e+38 1e+38 1e+38 1e+38 1e+38 28.4017 
1e+38 1e+38 1e+38 1e+38 1e+38 1e+38 1e+38 1e+38 1e+38 1e+38 1e+38 1e+38 1e+38 1e+38 1e+38 1e+38 0 1 1e+38 1e+38 1e+38 1e+38 1e+38 1e+38 5.48741 
1e+38 1e+38 1e+38 1e+38 1e+38 1e+38 17.8934 1e+38 1e+38 1e+38 1e+38 1e+38 1e+38 1e+38 1e+38 68.559 1e+38 0 1 1e+38 1e+38 1e+38 1e+38 1e+38 53.1431 
1e+38 1e+38 1e+38 1e+38 1e+38 1e+38 1e+38 1e+38 1e+38 1e+38 1e+38 1e+38 6.61567 1e+38 1e+38 1e+38 1e+38 1e+38 0 1 1e+38 1e+38 1e+38 1e+38 0.775128 
1e+38 1e+38 1e+38 1e+38 1e+38 64.7186 3.06806 1e+38 1e+38 47.1346 1e+38 1e+38 65.7698 1e+38 63.8948 1e+38 1e+38 1e+38 1e+38 0 1 47.1349 1e+38 1e+38 87.2291 
1e+38 1e+38 1e+38 1e+38 1e+38 96.6574 1e+38 1e+38 1e+38 63.9873 1e+38 1e+38 1e+38 1e+38 1e+38 1e+38 1e+38 1e+38 1e+38 1e+38 0 1 1e+38 1e+38 95.5596 
1e+38 1e+38 1e+38 1e+38 1e+38 1e+38 1e+38 1e+38 25.8059 1e+38 1e+38 1e+38 1e+38 1e+38 1e+38 1e+38 1e+38 1e+38 94.8072 1e+38 1e+38 0 1 1e+38 88.957 
1e+38 1e+38 1e+38 1e+38 1e+38 1e+38 17.8315 1e+38 1e+38 1e+38 1e+38 1e+38 1e+38 1e+38 1e+38 1e+38 1e+38 1e+38 1e+38 1e+38 1e+38 1e+38 0 1 76.3856 
1e+38 1e+38 1e+38 1e+38 1e+38 1e+38 1e+38 1e+38 1e+38 1e+38 1e+38 16.717 1e+38 1e+38 1e+38 1e+38 1e+38 1e+38 1e+38 1e+38 1e+38 1e+38 1e+38 0 1 
1 97.7669 20.5575 78.1075 71.9667 96.9431 84.2602 90.9179 82.3259 23.7399 72.797 56.6656 43.2495 99.6756 54.4142 84.4929 10.6442 71.1311 43.5679 89.6583 49.511 68.6847 91.3297 19.4775 0 
