10
0 1 1e+38 1e+38 1e+38 1e+38 1e+38 1e+38 1e+38 46.9574 
1e+38 0 1 1e+38 1e+38 1e+38 1e+38 1e+38 1e+38 1.64229 
1e+38 1e+38 0 1 1e+38 1e+38 1e+38 1e+38 1e+38 67.2959 
1e+38 1e+38 1e+38 0 1 1e+38 1e+38 1e+38 1e+38 68.5284 
1e+38 1e+38 1e+38 1e+38 0 1 1e+38 1e+38 1e+38 92.817 
1e+38 1e+38 1e+38 1e+38 1e+38 0 1 1e+38 1e+38 70.394 
1e+38 1e+38 1e+38 1e+38 1e+38 1e+38 0 1 1e+38 90.1445 
1e+38 1e+38 1e+38 1e+38 1e+38 1e+38 1e+38 0 1 64.5409 
1e+38 1e+38 1e+38 1e+38 1e+38 1e+38 1e+38 1e+38 0 1 
1 20.9484 90.2384 78.1831 25.802 71.3294 31.6478 82.2422 10.3542 0 
