25
0 1 41.456 1e+38 1e+38 1e+38 1e+38 1e+38 1e+38 25.739 3.74175 1e+38 1e+38 1e+38 1e+38 1e+38 1e+38 1e+38 0.59649 1e+38 1e+38 36.8391 44.3902 27.5835 35.8977 
36.8499 0 1 38.9724 97.5875 1e+38 1e+38 48.5223 25.2709 3.26415 1e+38 1e+38 59.0311 1e+38 54.5729 1e+38 1e+38 62.7307 1e+38 19.3447 1e+38 26.1957 98.0652 1e+38 26.7922 
76.8773 1e+38 0 1 1e+38 1e+38 1e+38 1e+38 1.0498 97.0898 1e+38 1e+38 1e+38 1e+38 1e+38 94.0162 7.4039 1e+38 1e+38 49.3957 4.02577 1e+38 1e+38 66.7564 98.8119 
1e+38 76.2777 25.0077 0 1 1e+38 89.4164 1e+38 15.4312 10.6839 1e+38 1e+38 68.8012 29.4444 1e+38 1e+38 60.4197 1e+38 1e+38 1e+38 11.0104 1e+38 1e+38 60.4632 3.70661 
96.7169 64.489 41.524 91.8461 0 1 1e+38 7.52315 1e+38 18.8592 1e+38 1e+38 8.27557 1e+38 1e+38 18.9594 1e+38 1e+38 1e+38 1e+38 1e+38 1e+38 1e+38 1e+38 10.2947 
1e+38 75.4301 1e+38 21.1245 35.8933 0 1 1e+38 1e+38 9.68759 1e+38 46.5205 1e+38 1e+38 11.864 34.8668 1e+38 1e+38 1e+38 1e+38 1e+38 62.1018 42.7985 1e+38 49.8625 
1e+38 72.662 1e+38 50.1506 1e+38 1e+38 0 1 74.7629 1e+38 1e+38 1e+38 1e+38 1e+38 1e+38 72.6074 1e+38 92.1287 1e+38 19.5661 1e+38 1e+38 1e+38 1e+38 66.6243 
1e+38 1e+38 28.7261 1e+38 3.69933 78.5886 1e+38 0 1 1e+38 1e+38 1e+38 1e+38 25.9548 70.6745 1e+38 1e+38 10.0981 1e+38 1e+38 1e+38 1e+38 3.56268 47.8349 71.5422 
23.1288 51.8277 1e+38 93.5061 1e+38 1e+38 1e+38 1e+38 0 1 83.1095 1e+38 2.8294 59.4708 51.0659 81.197 72.9138 1e+38 83.5186 98.8687 17.652 30.9185 73.2287 27.7501 41.2382 
1e+38 1e+38 1e+38 1e+38 1e+38 1e+38 23.0676 1e+38 90.7317 0 1 52.3801 79.2337 1e+38 1e+38 53.846 1e+38 11.7178 56.6754 89.9373 62.7837 1e+38 1e+38 1e+38 21.391 
1e+38 1e+38 1e+38 1e+38 1e+38 93.5477 1e+38 1e+38 17.713 1e+38 0 1 1e+38 53.0297 4.15226 70.9048 20.9765 56.5324 1e+38 1e+38 1e+38 1e+38 98.8 1e+38 60.6599 
1e+38 73.7885 98.5324 1e+38 1e+38 1e+38 1e+38 1e+38 72.2329 48.2569 66.126 0 1 4.74553 1e+38 10.8451 74.6563 1e+38 65.1762 1e+38 1.06642 36.081 1e+38 1e+38 86.2195 
1e+38 56.8858 1e+38 15.796 1e+38 1e+38 4.53332 1e+38 1e+38 1e+38 1e+38 1e+38 0 1 1e+38 1e+38 2.31746 7.3331 1e+38 1e+38 1e+38 1e+38 1e+38 1e+38 73.2902 
1e+38 1e+38 1e+38 58.0678 46.406 95.5907 75.0637 1e+38 1e+38 1e+38 1e+38 1e+38 1e+38 0 1 1e+38 38.0901 1e+38 1e+38 1e+38 1e+38 1e+38 76.599 4.26011 35.9012 
1e+38 1e+38 1e+38 1e+38 1e+38 17.3054 74.7866 1e+38 1e+38 1e+38 1e+38 22.2673 7.91813 21.3327 0 1 1e+38 44.7206 1e+38 5.37657 1e+38 1e+38 1e+38 1e+38 66.6309 
17.7483 1e+38 5.26322 1e+38 1e+38 1e+38 1e+38 1e+38 1e+38 43.3907 65.2515 2.4849 1e+38 36.8863 1e+38 0 1 1e+38 58.9498 76.2599 1e+38 1e+38 68.775 4.21148 51.8985 
1e+38 1e+38 97.5842 1e+38 21.1369 64.2151 1e+38 1e+38 69.4783 1e+38 1e+38 10.6427 7.72323 73.9747 95.8222 1e+38 0 1 69.2912 76.1125 1e+38 1e+38 1e+38 78.8975 79.2726 
7.29966 38.3883 37.0003 1e+38 42.5998 88.8988 1e+38 1e+38 86.483 1e+38 98.7236 50.6981 3.21123 2.93743 20.1764 32.9251 1e+38 0 1 1e+38 1e+38 1e+38 1e+38 24.9485 61.0534 
83.8017 1e+38 1e+38 14.8415 1e+38 60.6489 1e+38 1e+38 1e+38 98.2159 12.3028 86.5479 1e+38 89.8895 1e+38 16.2868 1e+38 23.729 0 1 43.9054 52.4232 1e+38 74.7245 93.0716 
54.502 1e+38 84.8338 62.1912 26.3144 45.8872 1e+38 1e+38 27.2635 1e+38 10.0462 1e+38 82.9756 79.7491 85.5616 81.1914 1e+38 1e+38 29.6336 0 1 1e+38 1e+38 1e+38 65.4185 
1e+38 12.7747 17.8417 48.1442 87.4993 10.9132 1e+38 1e+38 1e+38 1e+38 1e+38 1e+38 1e+38 1e+38 68.8978 1e+38 3.95723 1e+38 54.6402 83.7064 0 1 1e+38 14.4812 65.4652 
1e+38 1e+38 1e+38 1e+38 1e+38 1e+38 90.3597 1e+38 94.6458 38.5039 1e+38 1e+38 1e+38 1e+38 1e+38 5.98729 32.8096 42.9403 16.8175 26.7207 1e+38 0 1 1e+38 43.1223 
1e+38 11.02 78.9539 90.1426 25.5013 44.4191 47.8424 1e+38 55.8047 1e+38 1e+38 1e+38 1e+38 54.8796 1e+38 1e+38 1e+38 1e+38 1e+38 1e+38 1e+38 52.0976 0 1 68.9151 
60.805 88.8979 57.3973 1e+38 1e+38 0.519622 5.86715 68.5662 79.4736 96.0097 1e+38 1e+38 43.8521 1e+38 1e+38 19.9489 1e+38 12.3062 86.4053 1e+38 39.5608 1e+38 1e+38 0 1 
1 6.49392 89.5736 66.6875 83.5538 58.4887 27.4925 72.4517 15.886 18.9754 29.9979 16.4056 24.8426 98.5642 95.8792 20.8523 92.6317 19.7719 64.7044 71.8221 99.4693 84.6532 64.6265 11.7755 0 
