50
0 1 1e+38 73.9931 1e+38 1e+38 78.4014 23.4055 26.5421 93.172 6.03742 40.7545 1e+38 84.4758 1e+38 7.78793 65.6845 71.4962 90.0014 11.9844 1e+38 1e+38 1e+38 52.2625 1e+38 1e+38 66.1565 91.7395 1e+38 1e+38 1e+38 1e+38 94.8077 10.411 1e+38 1e+38 1e+38 1e+38 84.6482 95.3296 1e+38 90.6856 36.0841 88.2904 1e+38 81.4508 1e+38 40.8459 52.947 86.0797 
1e+38 0 1 1e+38 1e+38 17.4429 72.7231 1e+38 9.18248 81.7041 51.5847 17.46 17.3667 1e+38 1e+38 1e+38 7.63507 96.6584 15.0796 92.2833 91.988 96.3087 1e+38 28.072 84.5991 58.1303 9.52282 80.6774 98.9762 62.4698 66.757 51.8065 84.5671 1.39292 1e+38 58.9268 1e+38 63.3116 99.4432 1e+38 45.0157 51.0278 45.4783 62.3824 1e+38 73.3492 1e+38 5.05527 70.0076 4.48436 
97.3385 1e+38 0 1 90.0677 85.3921 38.4378 1e+38 66.0695 37.414 62.0603 32.8265 1e+38 1e+38 34.2194 79.809 1e+38 1e+38 43.1206 1e+38 81.0736 88.1364 56.0251 1e+38 50.5187 53.4453 1e+38 39.9235 58.5006 69.9087 44.4079 55.8392 31.9044 45.2009 1e+38 21.972 1e+38 1e+38 21.5625 96.6625 1e+38 83.6228 1e+38 1.21888 1e+38 63.7085 81.0279 35.8043 16.7637 24.1486 
40.8016 97.8373 12.2849 0 1 62.8036 1e+38 24.2904 2.72718 1e+38 94.1991 47.1351 1e+38 1e+38 92.336 0.758468 48.0755 22.9291 75.3428 69.638 19.5916 1e+38 53.2608 49.0806 1e+38 1e+38 12.789 69.588 19.3151 29.5528 93.7365 1e+38 1e+38 6.02145 56.9435 51.7794 68.8251 7.21559 1e+38 71.5523 15.9883 70.2689 18.6873 1e+38 1e+38 11.0233 81.3587 1e+38 33.9524 56.7015 
1e+38 53.544 44.0427 1e+38 0 1 50.8575 1e+38 1e+38 1e+38 44.9664 95.9273 1e+38 72.3565 1e+38 1e+38 24.1359 70.7738 1e+38 0.205676 1e+38 10.4368 70.4746 61.0134 91.037 1e+38 72.0368 72.3957 11.2948 1e+38 29.0971 25.3807 1e+38 73.1398 1e+38 62.1577 5.74254 43.5849 77.5713 7.93327 1e+38 22.5377 1e+38 44.047 94.8942 5.80924 31.28 19.0301 1e+38 25.7285 
19.2358 18.9091 1e+38 1e+38 79.9226 0 1 1e+38 99.598 1e+38 57.9485 1e+38 93.2328 17.4816 1.83491 85.9602 79.6393 7.57746 29.5452 57.2106 15.5107 43.3028 1e+38 19.3712 87.3498 1e+38 1e+38 18.6298 1e+38 1e+38 44.3583 12.9083 20.6727 1e+38 2.61864 0.595205 7.7259 1e+38 1e+38 7.32386 27.028 10.503 36.019 1e+38 27.9846 1e+38 1e+38 1e+38 45.4313 35.7663 
64.8345 1e+38 79.0691 44.5828 1e+38 66.419 0 1 85.0488 12.8977 1e+38 29.4071 25.806 27.93 1e+38 28.4247 1e+38 1e+38 87.6006 81.0797 24.9804 14.6286 1e+38 1e+38 34.8895 1e+38 98.8533 41.1107 27.1913 44.2846 76.877 92.0258 1e+38 55.9461 1e+38 1e+38 22.3651 55.8338 91.0338 1e+38 68.7315 98.2911 36.8209 94.5375 26.2211 46.7516 22.9622 54.7462 64.4082 10.5628 
35.8259 89.3886 1e+38 27.4087 50.3879 1e+38 1e+38 0 1 1e+38 1e+38 78.0686 1e+38 1e+38 34.0147 2.80172 1e+38 56.3798 58.6355 75.3262 1e+38 27.367 73.6173 1e+38 21.9046 99.8383 47.3663 44.8668 54.5845 1e+38 1e+38 90.4105 1e+38 1e+38 1e+38 51.5509 1e+38 64.7952 0.792152 1e+38 38.9625 1e+38 1e+38 5.15563 1e+38 1e+38 7.95735 1e+38 1e+38 66.5929 
52.689 74.1506 93.9599 26.3063 74.7652 1e+38 26.1446 22.1315 0 1 33.906 16.1608 1e+38 35.069 96.7818 1e+38 86.6199 37.4838 1e+38 87.4121 79.3774 92.7164 81.73 99.3396 97.8721 74.8004 53.3166 5.82941 52.1633 1e+38 1e+38 4.85228 37.824 66.3822 31.1586 12.5892 82.2466 1e+38 34.7207 42.9778 38.0322 68.6267 59.1387 9.17185 3.69563 1e+38 98.1306 90.3155 93.4043 51.8845 
77.7276 72.7817 44.6009 59.4576 1e+38 42.473 34.258 25.4379 1e+38 0 1 20.7247 91.2736 26.9353 87.1068 1e+38 39.5245 1e+38 1e+38 74.2452 12.3313 1e+38 42.8718 71.4699 26.9394 46.5675 27.3904 25.07 36.883 1e+38 1e+38 14.6106 1e+38 21.5554 74.0682 65.6977 1e+38 1e+38 91.1356 12.3308 94.7475 80.2469 33.0555 86.0211 7.18216 20.1624 1e+38 1e+38 89.5158 88.1885 
1e+38 1.84709 5.956 63.8236 73.317 32.8954 10.3911 1e+38 1e+38 47.2741 0 1 1e+38 15.0786 1e+38 35.9529 1e+38 1e+38 1e+38 71.9119 1e+38 1e+38 52.1588 65.89 1e+38 59.3409 1e+38 33.501 6.04752 75.5681 21.6895 26.9993 77.4152 27.6455 1e+38 50.7323 1e+38 1.214 51.4397 1e+38 1e+38 72.9419 1e+38 1e+38 88.0205 1e+38 46.3257 68.7967 1e+38 90.6048 
40.7086 63.2392 29.6315 1e+38 29.1292 54.6793 52.2083 15.1815 1e+38 58.2558 1e+38 0 1 68.1649 1e+38 76.078 18.8972 98.0562 77.292 1e+38 16.5624 25.7801 43.2788 69.9884 1e+38 1e+38 79.8895 82.4785 1e+38 10.2943 73.0833 40.8046 73.5335 2.71481 1e+38 2.66275 57.3941 85.8802 17.8443 45.5744 44.136 1e+38 55.4442 29.391 76.7588 92.9595 5.46905 1e+38 91.0158 82.761 
65.9929 7.57818 8.54113 9.27169 77.5666 44.694 40.5709 1e+38 1e+38 1e+38 67.7504 0.255856 0 1 2.97067 1e+38 1e+38 60.3647 1.02357 61.791 1e+38 1e+38 70.385 61.3833 74.5506 47.1438 54.3428 80.0196 1e+38 1e+38 1e+38 1e+38 52.9368 1e+38 18.0644 30.5034 16.0158 1e+38 87.9595 1e+38 1e+38 1e+38 43.4442 80.7737 1e+38 1e+38 95.9171 40.9406 1e+38 96.9407 
2.73159 1e+38 42.1002 1e+38 1e+38 16.6508 20.2604 1e+38 96.6704 63.0602 73.8034 59.4511 1e+38 0 1 89.9173 1e+38 1e+38 1e+38 45.203 89.9769 47.8549 0.912895 33.4211 1e+38 97.9068 79.8359 1e+38 1e+38 1e+38 21.4865 41.5789 1e+38 1e+38 14.6955 73.4362 1e+38 34.9558 1.88098 1e+38 98.016 75.6844 1e+38 69.8689 1e+38 1e+38 1e+38 59.6682 13.9206 8.3389 
4.87117 3.8975 56.1938 5.78407 1e+38 84.8225 3.69082 1e+38 9.36831 42.5382 1e+38 1e+38 1e+38 3.10423 0 1 76.5404 74.6791 33.7684 78.4214 51.5871 31.7844 1e+38 1e+38 1.6533 1e+38 55.078 61.4395 16.1985 68.9986 1e+38 21.0697 1e+38 25.9723 26.8538 1e+38 1e+38 30.5446 27.3693 20.1631 1e+38 1e+38 51.0179 1e+38 34.2435 45.4595 1e+38 10.7839 1e+38 89.7807 
89.2053 71.7257 21.5651 43.3111 59.6718 23.2184 99.8415 14.7499 1e+38 1e+38 83.7484 1e+38 1e+38 56.6445 80.4086 0 1 1e+38 1e+38 1e+38 11.3664 67.5908 25.3678 1e+38 1e+38 1e+38 7.84379 80.8029 70.3953 27.9824 70.5836 59.6006 99.7081 92.1488 2.91173 59.3799 1e+38 2.75318 74.1297 0.0251387 1e+38 1e+38 54.4615 55.9028 1e+38 1e+38 19.8663 1e+38 26.0736 14.3743 
75.6105 37.44 81.9651 0.978336 99.8243 6.75563 1e+38 7.66813 1e+38 30.985 1e+38 58.1422 90.5857 35.3586 1e+38 93.4974 0 1 96.2506 68.8682 65.6833 15.0438 26.7463 20.1448 1e+38 41.269 1e+38 1e+38 1e+38 81.0885 5.18719 98.2615 18.5285 87.1523 1e+38 18.3529 1e+38 59.8296 1e+38 81.4664 90.8146 61.6715 39.6086 81.4003 97.0301 89.8996 74.8977 91.7685 55.5577 71.1484 
60.6367 21.241 1e+38 87.383 41.3858 1e+38 1e+38 96.4007 1e+38 1e+38 77.4893 1e+38 49.5646 96.0178 1e+38 48.8044 14.3707 0 1 1e+38 1e+38 99.4486 2.06317 55.274 80.8489 1e+38 45.1736 1e+38 1e+38 0.731279 1e+38 1e+38 21.9723 1e+38 38.8814 1e+38 70.2259 67.5335 1e+38 18.1775 18.8365 37.2481 71.3163 68.4011 1e+38 1e+38 17.2055 47.6365 45.8063 25.8395 
88.0282 61.4717 25.2882 90.0914 16.7457 1e+38 89.1846 61.9193 1e+38 80.0464 1e+38 88.7788 31.5448 84.6228 1e+38 70.4262 47.9808 72.0919 0 1 90.2694 56.7962 1e+38 61.5857 25.1973 1e+38 1e+38 42.4028 1e+38 18.9994 68.2424 13.9183 80.4711 93.5305 1e+38 1e+38 99.6676 93.1942 1e+38 61.5514 73.2406 1e+38 1e+38 4.78538 1e+38 52.1962 75.2116 54.3902 1e+38 13.1713 
1e+38 14.5575 69.9675 7.11754 76.1432 95.1648 85.3711 49.3363 37.5677 1e+38 68.3356 5.81003 1e+38 48.8067 1e+38 29.189 46.0235 99.0082 22.3833 0 1 95.6238 26.9461 10.8898 0.40921 33.3555 63.0861 75.6208 87.7457 87.3742 88.7921 1e+38 1.93166 1e+38 56.9931 1e+38 53.9245 42.3642 1e+38 91.4921 53.6253 1e+38 97.3022 78.8048 44.5535 1e+38 1e+38 1e+38 95.6509 30.3771 
95.7365 56.2105 26.0009 22.6826 67.1003 1e+38 56.0381 30.1863 2.03091 43.7837 17.5605 90.823 93.6592 19.4922 49.5827 50.6523 97.567 1e+38 1e+38 24.9781 0 1 1e+38 92.3014 1e+38 65.2783 1e+38 1e+38 55.8553 84.595 1e+38 51.5918 1e+38 89.8183 1e+38 7.90572 1e+38 30.3125 38.0921 18.2593 74.0962 55.6526 9.08231 67.7554 1e+38 58.665 1e+38 1e+38 1e+38 11.4241 
1e+38 57.1714 1e+38 1e+38 1e+38 83.5125 83.693 38.4169 16.9528 39.5483 23.0119 80.7702 1e+38 63.8174 70.5885 65.4145 1e+38 1e+38 95.727 9.81514 5.07612 0 1 1e+38 37.5785 40.6124 72.8234 55.9862 13.3241 1e+38 67.4104 11.0139 92.1669 25.4763 29.4286 41.6397 1e+38 13.1216 1e+38 25.9416 1e+38 3.06857 6.71174 43.81 1e+38 77.3002 9.22451 38.609 1e+38 4.95147 
1e+38 69.1932 74.7746 13.8918 1e+38 1e+38 54.5042 56.175 1e+38 67.8283 1e+38 35.7497 1e+38 1e+38 61.226 8.27084 24.9772 1e+38 1e+38 5.03383 96.1564 1e+38 0 1 17.8723 74.9883 1e+38 1e+38 1e+38 44.2853 32.0483 1e+38 1e+38 1e+38 75.9133 96.8301 19.176 30.4176 53.0051 87.5154 98.2459 44.1756 23.2651 1e+38 27.5131 84.4912 85.359 52.4903 1e+38 6.75143 
1e+38 1e+38 80.8137 1e+38 53.7304 98.686 1e+38 33.8988 1e+38 54.2122 1e+38 57.8311 1e+38 91.6626 64.6539 92.147 88.4927 83.8299 22.5646 1e+38 71.3453 20.8105 1e+38 0 1 1e+38 79.1016 83.2577 65.6768 1e+38 90.0091 23.2009 84.67 1e+38 1e+38 38.4004 69.5089 1e+38 72.2992 95.2917 83.6543 50.4833 1e+38 99.888 1e+38 1e+38 1e+38 1e+38 1.6066 14.5995 
72.1363 72.9519 1e+38 1e+38 1e+38 33.3087 1e+38 46.664 16.5664 1e+38 80.4716 6.57552 59.8739 1e+38 77.3984 1e+38 3.54196 46.9073 78.1434 75.8411 42.1989 61.7977 26.3244 95.3217 0 1 13.0983 1e+38 1e+38 14.7049 1e+38 71.2451 1e+38 3.73019 29.0548 1e+38 37.0389 0.0510899 1e+38 53.6053 1e+38 82.3548 1e+38 96.598 47.4964 1e+38 1e+38 1e+38 84.4864 23.4426 
1e+38 1e+38 85.2403 1e+38 22.007 46.926 1e+38 35.1053 1e+38 20.7828 49.8102 68.9668 92.0279 1e+38 1e+38 21.0827 92.6863 9.73589 21.1338 94.5694 63.3412 1e+38 76.9242 1e+38 54.4559 0 1 1e+38 75.4589 45.5875 23.1976 2.33833 72.2729 1e+38 55.5421 94.2799 1e+38 77.2161 1e+38 56.0105 97.9989 79.1954 1e+38 90.0268 16.6624 97.6744 1e+38 9.34871 1e+38 32.2433 
3.91816 1e+38 90.1012 1e+38 94.2734 44.5571 1e+38 55.3745 1e+38 80.7219 0.961993 1e+38 83.0602 73.2349 75.9477 1e+38 1e+38 31.3116 15.8185 96.8999 87.3221 1e+38 76.0953 12.2995 3.84416 1e+38 0 1 1e+38 17.3841 47.197 6.02458 88.1356 37.2982 86.867 82.4089 81.8554 92.13 1e+38 26.1675 1e+38 1e+38 1e+38 55.9121 11.9802 69.625 94.5145 79.4949 0.936636 10.333 
1e+38 1e+38 24.1503 52.4901 0.558281 27.9945 45.2478 1e+38 42.9482 47.3542 27.9163 1e+38 53.3788 16.0518 27.4434 40.2458 1e+38 9.2988 1e+38 36.2441 1e+38 5.22767 74.9895 29.1437 61.1398 1e+38 1e+38 0 1 1e+38 1e+38 42.8595 87.9641 1e+38 95.3496 88.5224 18.1321 40.5974 99.0546 61.0803 87.9516 26.9708 51.2255 1e+38 43.0227 78.6689 1e+38 41.4834 1e+38 13.952 
77.7276 23.4341 19.1797 52.7171 52.5777 1e+38 39.6868 1e+38 35.9738 6.1515 51.0518 1.96104 49.011 39.0159 92.0986 1e+38 27.5383 10.2308 84.958 26.5928 71.3111 72.9096 53.5637 1e+38 14.24 96.5864 1.20545 1e+38 0 1 1e+38 1e+38 1e+38 28.948 68.5145 65.1849 9.26745 1e+38 16.5314 1e+38 14.3528 67.5831 47.2023 63.3638 1e+38 1e+38 7.7244 34.1373 49.5317 92.6824 
60.7301 20.8427 65.592 14.2938 43.3793 79.832 10.8801 44.5847 75.6483 48.95 1e+38 85.4166 64.7473 46.3651 1e+38 33.2618 11.55 23.632 41.4631 28.0814 68.8732 55.816 95.6645 16.0755 1e+38 2.26353 55.3764 26.9042 1e+38 0 1 97.1309 1e+38 85.1785 11.4247 69.1301 65.0106 22.3048 1e+38 40.6589 71.2548 1e+38 26.0754 36.0021 93.8377 40.44 69.264 5.38777 1e+38 10.7271 
33.4692 1e+38 1e+38 29.1337 49.0207 85.7228 1e+38 1e+38 1e+38 67.798 1e+38 32.2135 64.9289 35.056 17.3921 1e+38 1e+38 82.4026 98.6584 17.9008 23.0615 69.9132 65.3735 49.1369 5.91535 59.2112 89.5769 75.1793 1e+38 53.6489 0 1 86.5941 52.4495 27.2018 35.6148 1e+38 58.599 1e+38 50.7993 26.3971 1e+38 83.0128 91.326 84.3731 0.404915 67.6796 88.5592 1e+38 66.338 
6.45997 5.86903 36.2513 1e+38 1e+38 42.1666 31.0446 44.5828 17.3459 95.6436 98.2317 3.25233 93.7117 84.8258 1e+38 20.9135 20.4406 93.8741 79.5125 60.4525 44.6734 5.90959 9.76961 27.6862 97.2356 94.1427 28.0911 1e+38 82.7019 10.8987 31.2532 0 1 1e+38 60.9953 1e+38 1e+38 1e+38 16.3565 27.017 87.6834 1e+38 30.2694 81.3951 99.414 1e+38 2.30862 19.8546 79.8452 81.8211 
80.3071 1e+38 87.7307 90.0767 52.2048 84.9663 1e+38 80.296 49.8815 66.9213 91.1946 81.1347 56.0832 1e+38 48.6392 17.0784 1e+38 58.3104 9.11834 96.0925 85.3274 96.8018 10.6807 1e+38 1e+38 1e+38 1.56792 1e+38 29.9493 81.4132 1e+38 1e+38 0 1 0.333086 58.1366 35.0237 84.5525 38.4326 1e+38 51.4738 29.6272 1e+38 1e+38 37.5895 1e+38 24.6354 17.3255 72.9896 33.7538 
13.418 58.317 1e+38 24.0987 73.9137 8.75246 34.1934 1e+38 89.258 64.1427 1e+38 51.5847 74.3991 62.8266 1.64208 74.7322 1e+38 36.6658 59.2847 1e+38 1e+38 10.7585 89.0229 87.611 18.3155 26.6125 1e+38 1e+38 43.938 75.2798 76.7047 1e+38 33.5968 0 1 7.51052 1e+38 1e+38 1e+38 5.2707 79.7908 39.887 56.8554 54.1899 2.7136 58.4974 1e+38 23.6768 1e+38 88.2068 
83.0726 16.7343 98.9653 1e+38 4.3453 17.2808 1e+38 6.63552 60.2317 42.646 81.9153 36.9364 0.00197077 1e+38 44.1967 1e+38 23.0226 60.2094 97.1048 6.01478 65.4801 76.8956 45.9018 22.3354 31.0856 48.6154 80.8329 60.0077 72.2922 75.9961 1e+38 55.3648 92.7304 47.1798 0 1 64.4606 1e+38 1e+38 24.6923 68.8142 85.6266 1e+38 68.8162 1.13865 5.82538 1e+38 24.1613 66.0347 47.3777 
30.176 31.5148 24.2733 1e+38 53.8502 55.3589 24.6932 1e+38 1e+38 96.9854 1e+38 63.5811 52.3502 1e+38 10.7608 79.8104 0.485383 75.2214 5.97872 4.19663 99.9137 1e+38 1e+38 1e+38 43.6092 90.9618 67.3678 93.8821 15.1231 33.4026 41.2598 45.2991 64.9174 65.5331 21.3769 0 1 46.0701 53.4507 36.2586 43.0555 64.1299 99.8397 1e+38 67.5396 10.6006 75.2162 68.025 1e+38 81.1949 
1e+38 85.7357 1e+38 62.0448 1e+38 99.597 53.0066 14.646 1e+38 68.1297 1e+38 34.7388 1e+38 1e+38 1e+38 1e+38 31.7335 21.164 80.8759 1e+38 57.4226 23.9315 49.3141 57.2623 19.3372 16.8537 67.8629 1e+38 84.8786 1e+38 1e+38 57.1002 39.4206 1e+38 1e+38 86.6987 0 1 1e+38 24.8122 1e+38 1e+38 1e+38 1e+38 62.3591 59.8229 1e+38 94.0926 80.9869 69.3919 
79.2768 38.4095 1e+38 28.5909 95.6718 12.6605 1e+38 63.5347 7.2139 1e+38 17.2196 82.9621 1e+38 56.6401 1e+38 6.56846 43.3388 1e+38 78.7201 44.6835 70.8434 19.0014 1e+38 30.3944 72.7116 1e+38 1e+38 1e+38 50.5285 71.2043 30.6194 29.8053 9.6138 23.9428 58.3962 1e+38 36.6033 0 1 1e+38 1e+38 86.0399 1e+38 21.5874 42.68 41.4776 28.1559 1e+38 87.5089 6.87595 
30.7024 1e+38 1e+38 1e+38 88.7467 1e+38 1e+38 78.9641 59.8166 31.7435 50.1684 90.436 61.5487 59.7822 14.3788 19.9449 1e+38 1e+38 23.7856 33.8882 94.7993 57.9496 1e+38 1e+38 79.537 62.6081 63.0563 7.69283 48.6269 50.5651 14.5688 79.3293 1e+38 40.4462 4.10837 1e+38 39.0352 85.3233 0 1 1e+38 26.7967 89.2877 1e+38 86.5789 1e+38 98.5604 51.6467 1e+38 22.3461 
1e+38 49.448 1e+38 5.46298 1e+38 1e+38 1e+38 34.0829 67.5255 16.698 1e+38 1e+38 1e+38 93.5655 1e+38 0.135602 91.2297 61.5756 85.4589 67.8579 60.4273 2.52574 1e+38 49.715 1e+38 81.2335 53.3815 79.7017 1e+38 1e+38 2.04777 1e+38 57.4782 82.3434 23.8782 28.5048 42.176 1e+38 1e+38 0 1 47.2358 91.7957 4.67441 40.8013 14.3361 1e+38 32.0309 75.9117 90.269 
1e+38 36.339 92.7947 1e+38 86.054 73.936 75.777 39.4356 1e+38 8.6573 1e+38 55.6854 1e+38 4.94391 1e+38 50.9506 1e+38 80.2049 1e+38 96.0365 89.9064 51.547 43.2722 1e+38 1e+38 84.0735 96.0382 61.0314 16.1044 71.9499 51.3004 1e+38 8.28891 1e+38 10.5367 94.3429 18.031 86.3138 33.7785 71.6687 0 1 1e+38 22.0436 1e+38 65.3829 72.9942 1e+38 45.5878 15.894 
15.6734 35.4942 67.441 1e+38 17.1963 23.6625 1e+38 13.2345 84.6939 1e+38 1e+38 35.9943 75.1167 93.4733 1e+38 85.6535 87.8162 98.1204 71.9672 21.5947 69.789 66.9383 2.83901 97.1431 88.9819 1e+38 62.526 61.9761 1e+38 8.11385 77.8701 24.3375 43.608 45.3111 83.2831 60.8043 1e+38 26.3021 74.0388 1e+38 85.4256 0 1 60.5423 1e+38 69.7511 46.1958 1e+38 1e+38 18.1631 
62.1074 37.6605 85.1014 1e+38 34.8036 74.0833 53.9736 1e+38 1e+38 62.6377 1e+38 13.9294 86.9752 49.0515 1e+38 1e+38 9.8558 1e+38 1e+38 83.8946 1e+38 81.986 43.1177 71.5433 42.5284 95.8142 1e+38 88.7242 36.3269 9.16583 6.88722 98.4343 46.8263 91.9886 1e+38 1e+38 1e+38 1e+38 78.9595 1e+38 79.9922 1e+38 0 1 33.4545 75.3011 37.2256 1e+38 1e+38 33.786 
27.2049 85.3968 15.772 70.3226 1e+38 58.3003 1e+38 1e+38 1e+38 2.46366 7.40031 1e+38 1e+38 54.2266 45.9003 1e+38 35.8565 11.9722 81.6332 14.816 14.1033 1e+38 99.219 30.1639 28.5927 1e+38 5.46502 65.8183 75.9839 8.98022 99.6043 3.18882 94.377 15.3763 73.5114 51.3171 73.6766 39.6482 49.5516 20.7011 42.1119 56.9519 1e+38 0 1 20.5132 7.2886 47.035 32.4854 88.9218 
61.851 46.5887 50.5471 61.0701 76.7527 79.1398 1e+38 82.2177 44.9581 1e+38 91.1979 1e+38 72.9164 85.5749 1e+38 1e+38 36.892 33.6153 1e+38 1e+38 54.3165 1e+38 43.3955 1e+38 1e+38 1e+38 1e+38 78.4864 1e+38 81.928 67.4081 63.46 1e+38 17.9553 24.53 1e+38 97.0951 18.2737 87.4871 42.0532 88.0012 78.685 86.6156 60.9176 0 1 7.34542 1e+38 80.1697 93.4214 
87.5955 34.4862 21.6094 30.991 63.4156 92.8071 1e+38 12.8581 71.2935 1e+38 94.7861 38.7016 50.6339 23.3029 1e+38 75.1639 28.5722 53.752 93.4376 16.0593 1e+38 81.4388 94.7443 82.4208 1e+38 1e+38 28.9752 49.7018 1e+38 9.14486 43.1233 47.7516 43.6311 1e+38 1e+38 1e+38 1e+38 64.3076 19.9048 28.8332 1e+38 14.6909 1e+38 1e+38 37.9937 0 1 1e+38 1e+38 70.717 
82.6253 73.7488 52.1558 77.3696 1e+38 94.5122 1e+38 85.1448 1e+38 1e+38 94.2897 1e+38 1e+38 37.9207 52.07 23.0242 1e+38 9.60971 87.3318 64.8721 1e+38 38.8134 1e+38 1e+38 40.9288 17.5567 1e+38 1e+38 1e+38 1e+38 88.9252 1e+38 81.8619 41.081 44.1176 38.0315 35.5932 80.4915 23.1763 79.8073 1e+38 1e+38 1e+38 1e+38 55.3867 1e+38 0 1 1e+38 31.6591 
1e+38 1e+38 1e+38 44.7891 73.2449 11.4013 62.3458 3.41437 1e+38 1e+38 11.5275 18.5347 1e+38 1e+38 59.6157 57.3341 1e+38 95.2089 37.8255 54.5972 75.0161 14.8469 72.0632 42.1607 1e+38 27.4499 1e+38 1e+38 27.8039 90.1995 12.1362 93.03 57.4667 1e+38 1e+38 30.7116 94.0099 0.164777 34.126 23.6194 46.6332 45.6535 42.1541 1e+38 39.0428 1e+38 1e+38 0 1 55.0093 
25.0609 71.9947 69.8562 97.1241 14.1554 6.00615 24.574 75.5307 86.4833 1e+38 65.7302 98.6195 45.4078 23.1969 81.2282 1e+38 53.9086 75.2381 1e+38 88.0346 98.8575 1e+38 1e+38 41.0115 89.8745 72.7309 42.7813 7.05823 1e+38 1e+38 62.0675 1e+38 11.7546 1e+38 65.3796 25.91 37.9299 89.9536 1e+38 24.4132 42.3314 67.1709 1e+38 87.7392 90.3678 4.26086 70.966 1e+38 0 1 
1 78.3564 84.3824 65.9991 19.3679 74.2569 38.73 62.1492 81.3151 81.9245 1.90906 43.3826 50.1801 13.6636 75.3063 15.5597 39.5736 13.2361 5.51322 41.0143 37.6493 47.8446 8.18522 60.682 35.5838 98.5531 64.9429 6.54977 42.8295 44.4418 60.9073 75.1405 22.7982 45.2897 41.1396 42.1662 19.5466 79.8695 4.31537 0.861658 61.794 6.22442 44.2442 11.9741 19.8881 19.5505 27.5338 59.4617 32.7867 0 
