25
0 1 1e+38 1e+38 1e+38 1e+38 1e+38 1e+38 1e+38 46.9574 79.5142 1e+38 1e+38 1e+38 76.504 1e+38 52.581 7.28172 1e+38 1e+38 1e+38 80.31 1e+38 1e+38 35.8617 
1e+38 0 1 1e+38 1e+38 1e+38 1e+38 42.9129 1e+38 62.8494 1e+38 57.9339 8.16121 1e+38 1e+38 1e+38 13.2186 1e+38 1e+38 1e+38 1e+38 1e+38 75.4118 1e+38 92.817 
77.0541 27.344 0 1 1e+38 8.98869 1e+38 1e+38 1e+38 1e+38 1e+38 1e+38 1e+38 4.85357 1e+38 1e+38 1e+38 1e+38 61.6259 1e+38 1e+38 1e+38 1e+38 1e+38 42.7858 
1e+38 1e+38 1e+38 0 1 1e+38 1e+38 1e+38 1e+38 1e+38 1e+38 1e+38 1e+38 1e+38 1e+38 1e+38 1e+38 90.2384 1e+38 1e+38 1e+38 1e+38 1e+38 10.3542 93.2737 
1e+38 17.9074 1e+38 75.7498 0 1 1.9437 1e+38 1e+38 1e+38 1e+38 1e+38 82.2092 1e+38 1e+38 1e+38 1e+38 1e+38 1e+38 1e+38 1e+38 1e+38 1e+38 1e+38 45.0341 
1e+38 1e+38 1e+38 1e+38 1e+38 0 1 76.9196 1e+38 1e+38 1e+38 1e+38 1e+38 1e+38 16.2267 1e+38 1e+38 23.1374 1e+38 1e+38 1e+38 1e+38 1e+38 1e+38 92.2363 
53.9102 1e+38 1e+38 1e+38 1e+38 1e+38 0 1 80.8034 1e+38 1e+38 1e+38 1e+38 1e+38 1e+38 1e+38 1e+38 63.5107 1e+38 1e+38 79.7374 1e+38 1e+38 1e+38 43.7346 
12.6434 1e+38 1e+38 1e+38 1e+38 1e+38 34.4515 0 1 1e+38 1e+38 1e+38 1e+38 1e+38 92.9363 1e+38 1e+38 1e+38 1e+38 29.4828 1e+38 1e+38 1e+38 1e+38 77.052 
1e+38 1e+38 1e+38 1e+38 1e+38 1e+38 1e+38 1e+38 0 1 1e+38 1e+38 1e+38 3.32044 1e+38 1e+38 1e+38 1e+38 1e+38 1e+38 1e+38 1e+38 1e+38 1e+38 83.867 
1e+38 1e+38 36.6627 1e+38 88.4325 1e+38 1e+38 1e+38 1e+38 0 1 97.335 1e+38 76.7233 1e+38 1e+38 1e+38 1e+38 83.5513 95.3331 1e+38 1e+38 1e+38 53.7232 79.8921 
1e+38 86.093 1e+38 88.4588 1e+38 54.0018 1e+38 1e+38 1e+38 1e+38 0 1 1e+38 1e+38 1e+38 1e+38 1e+38 1e+38 1e+38 10.5765 1e+38 20.7928 1e+38 1e+38 4.3441 
1e+38 54.3508 1e+38 84.7404 1e+38 1e+38 1e+38 1e+38 1e+38 1e+38 1e+38 0 1 1e+38 1e+38 1e+38 1e+38 1e+38 25.3722 77.2543 1e+38 1e+38 1e+38 1e+38 15.332 
1e+38 17.1403 36.1247 1e+38 1e+38 40.4688 1e+38 1e+38 1e+38 1e+38 1e+38 1e+38 0 1 1e+38 1e+38 1e+38 1e+38 1e+38 39.0955 1e+38 1e+38 1e+38 17.7089 89.2745 
1e+38 1e+38 1e+38 1e+38 1e+38 1e+38 1e+38 1e+38 1e+38 1e+38 1e+38 50.9206 65.6718 0 1 1e+38 1e+38 1e+38 1e+38 1e+38 31.6649 1e+38 49.9063 1e+38 49.9283 
1e+38 1e+38 1e+38 1e+38 17.1902 3.10496 84.5696 1e+38 1e+38 82.0882 74.0704 1e+38 1.29095 1e+38 0 1 1e+38 1e+38 1e+38 1e+38 1e+38 1e+38 1e+38 1e+38 62.5897 
1e+38 1e+38 37.5256 1e+38 1e+38 1e+38 1e+38 1e+38 1e+38 15.7185 88.0593 1e+38 1e+38 1e+38 66.4893 0 1 2.91636 1e+38 1e+38 1e+38 1e+38 13.9119 1e+38 38.8732 
1e+38 1e+38 1e+38 1e+38 1e+38 1e+38 1e+38 94.6165 1e+38 1e+38 1e+38 9.489 70.4148 36.8734 1e+38 1e+38 0 1 1e+38 1e+38 1e+38 68.7978 1e+38 1e+38 52.4651 
1e+38 1e+38 1e+38 43.6363 1e+38 19.7726 1e+38 10.329 1e+38 36.0629 1e+38 1e+38 1e+38 0.606847 48.2373 1e+38 1e+38 0 1 1e+38 1e+38 1e+38 28.4172 1e+38 56.1843 
1e+38 1e+38 24.9821 57.3187 1e+38 77.4472 87.043 1e+38 1e+38 1e+38 1e+38 1e+38 1e+38 1e+38 19.8119 1e+38 1e+38 1e+38 0 1 94.2513 1e+38 1e+38 1e+38 14.3636 
1e+38 1e+38 1e+38 1e+38 1e+38 1e+38 36.648 1e+38 65.2928 1e+38 1e+38 1e+38 1e+38 3.58214 1.0867 1e+38 1e+38 1e+38 1e+38 0 1 1e+38 28.8423 1e+38 7.465 
1e+38 1e+38 1e+38 61.7137 91.2607 1e+38 1e+38 1e+38 1e+38 1e+38 1e+38 76.9999 1e+38 1e+38 1e+38 27.1971 1e+38 1e+38 1e+38 1e+38 0 1 1e+38 1e+38 52.6816 
1e+38 1e+38 1e+38 1e+38 1e+38 1e+38 65.169 1e+38 1e+38 1e+38 1e+38 1e+38 41.8221 1e+38 1e+38 1e+38 1e+38 1e+38 1e+38 1e+38 1e+38 0 1 1e+38 7.03877 
1e+38 1e+38 1e+38 1e+38 1e+38 1e+38 1e+38 97.6565 1e+38 1e+38 1e+38 1e+38 86.5364 1e+38 1e+38 1e+38 1e+38 1e+38 1e+38 1e+38 1e+38 93.6457 0 1 65.2806 
67.6654 1e+38 1e+38 25.1975 1e+38 1e+38 1e+38 1e+38 1e+38 1e+38 13.572 1e+38 1e+38 1e+38 1e+38 1e+38 1e+38 1e+38 1e+38 73.9502 1e+38 1e+38 1e+38 0 1 
1 13.4113 73.1758 31.6258 46.9782 38.4564 99.2911 77.3808 2.56897 24.4886 89.6519 73.7203 15.4674 69.9107 71.8062 50.2627 83.4826 49.5081 53.2288 94.7111 49.4532 77.5623 12.9712 21.7336 0 
