10
0 1 41.456 9.60181 1e+38 14.0463 1e+38 14.0855 15.2557 25.739 
3.74175 0 1 73.6112 46.7906 65.2012 78.7205 18.3381 0.59649 78.8121 
4.30848 1e+38 0 1 35.8977 36.8499 73.6365 1.52075 38.9724 97.5875 
83.8149 93.6623 48.5223 0 1 1e+38 39.3172 59.0311 1e+38 54.5729 
84.7701 45.7335 62.7307 60.9946 0 1 26.1957 98.0652 27.8594 26.7922 
76.8773 1e+38 63.6313 21.2675 1e+38 0 1 33.3879 1.0498 97.0898 
30.9753 84.8647 90.7521 79.4976 10.1356 1e+38 0 1 53.0473 49.3957 
4.02577 37.8174 95.1292 66.7564 98.8119 14.4739 1e+38 0 1 4.13716 
51.7999 89.4164 36.3051 15.4312 10.6839 1e+38 14.9603 68.8012 0 1 
1 60.4197 0.874765 56.6431 39.9173 11.0104 50.6593 47.3212 60.4632 0 
