50
0 1 1e+38 1e+38 1e+38 1e+38 1e+38 1e+38 1e+38 1e+38 1e+38 1e+38 1e+38 1e+38 1e+38 1e+38 1e+38 1e+38 1e+38 1e+38 1e+38 65.1886 29.8536 1e+38 1e+38 1e+38 1e+38 1e+38 1e+38 1e+38 1e+38 13.6793 1e+38 1e+38 33.488 1e+38 1e+38 1e+38 62.1191 1e+38 1e+38 1e+38 1e+38 41.4416 1e+38 1e+38 1e+38 1e+38 1e+38 62.0158 
1e+38 0 1 1e+38 1e+38 1e+38 1e+38 1e+38 1e+38 1e+38 1e+38 1e+38 1e+38 1e+38 1e+38 1e+38 1e+38 20.3872 1e+38 1e+38 1e+38 1e+38 1e+38 1e+38 1.76141 1e+38 1e+38 54.8392 1e+38 1e+38 16.855 1e+38 1e+38 1e+38 1e+38 1e+38 1e+38 1e+38 1e+38 1e+38 1e+38 1e+38 1e+38 1e+38 1e+38 1e+38 1e+38 1e+38 1e+38 39.3363 
50.5977 1e+38 0 1 1e+38 1e+38 1e+38 1e+38 1e+38 1e+38 1e+38 1e+38 1e+38 1e+38 17.1712 1e+38 1e+38 1e+38 1e+38 1e+38 1e+38 1e+38 1e+38 1e+38 1e+38 1e+38 1e+38 1e+38 1e+38 1e+38 1e+38 1e+38 1e+38 1e+38 1e+38 1e+38 1e+38 1e+38 1e+38 1e+38 50.964 1e+38 1e+38 1e+38 1e+38 1e+38 69.1275 1e+38 1e+38 21.9693 
1e+38 1e+38 1e+38 0 1 1e+38 76.9123 1e+38 92.4781 1e+38 1e+38 32.9381 1e+38 1e+38 1e+38 1e+38 1e+38 1e+38 1e+38 1e+38 1e+38 1e+38 1e+38 1e+38 1e+38 25.138 1e+38 1e+38 1e+38 1e+38 1e+38 1e+38 1e+38 1e+38 1e+38 1e+38 1e+38 1e+38 1e+38 1e+38 1e+38 1e+38 1e+38 1e+38 1e+38 83.7372 1e+38 1e+38 1e+38 46.6775 
1e+38 10.703 1e+38 1e+38 0 1 0.961411 1e+38 1e+38 26.7248 1e+38 1e+38 1e+38 1e+38 1e+38 1e+38 1e+38 1e+38 1e+38 1e+38 1e+38 1e+38 1e+38 18.5151 25.8796 1e+38 1e+38 1e+38 1e+38 1e+38 1e+38 1e+38 1e+38 16.876 1e+38 1e+38 1e+38 1e+38 1e+38 1e+38 1e+38 1e+38 1e+38 1e+38 1e+38 1e+38 7.45165 1e+38 1e+38 53.008 
1e+38 1e+38 1e+38 1e+38 1e+38 0 1 1e+38 6.48839 1e+38 76.5068 1e+38 1e+38 87.7871 1e+38 1e+38 1e+38 1e+38 1e+38 1e+38 1e+38 1e+38 1e+38 1e+38 1e+38 1e+38 1e+38 1e+38 1e+38 1e+38 1e+38 1e+38 1e+38 1e+38 1e+38 1e+38 87.9715 1e+38 1e+38 94.4599 1e+38 12.187 72.9982 1e+38 1e+38 1e+38 1e+38 1e+38 1e+38 27.9971 
1e+38 1e+38 47.2362 1e+38 1e+38 38.3956 0 1 1e+38 1e+38 1e+38 1e+38 1e+38 1e+38 1e+38 1e+38 1e+38 83.453 54.3296 1e+38 1e+38 1e+38 1e+38 50.9111 1e+38 1e+38 1e+38 1e+38 1e+38 1e+38 1e+38 58.9247 1e+38 1e+38 1e+38 1e+38 1e+38 1e+38 1e+38 1e+38 1e+38 1e+38 1e+38 1e+38 1e+38 1e+38 1e+38 1e+38 1e+38 16.909 
1e+38 6.15479 1e+38 1e+38 57.0659 1e+38 1e+38 0 1 1e+38 1e+38 1e+38 1e+38 1e+38 1e+38 1e+38 1e+38 1e+38 1e+38 7.92412 1e+38 1e+38 1e+38 1e+38 1e+38 1.85714 1e+38 1e+38 1e+38 1e+38 1e+38 1e+38 1e+38 1e+38 1e+38 12.4646 1e+38 1e+38 1e+38 1e+38 1e+38 1e+38 1e+38 1e+38 1e+38 1e+38 1e+38 84.1148 1e+38 13.2036 
1e+38 1e+38 1e+38 1e+38 1e+38 1e+38 1e+38 1e+38 0 1 1e+38 1e+38 1e+38 1e+38 1e+38 1e+38 1e+38 1e+38 1e+38 1e+38 1e+38 1e+38 1e+38 1e+38 1e+38 67.5721 1e+38 1e+38 1e+38 1e+38 11.2088 1e+38 1e+38 1e+38 1e+38 1e+38 1e+38 1e+38 1e+38 1e+38 1e+38 1e+38 1e+38 1e+38 1e+38 1e+38 1e+38 96.6901 1e+38 48.5119 
1e+38 27.6544 1e+38 92.8942 1e+38 1e+38 1e+38 1e+38 18.5719 0 1 1e+38 1e+38 78.9866 1e+38 1e+38 1e+38 1e+38 1e+38 1e+38 1e+38 1e+38 1e+38 1e+38 1e+38 1e+38 1e+38 1e+38 1e+38 1e+38 1e+38 1e+38 1e+38 1e+38 62.0898 1e+38 3.90683 22.5562 1e+38 1e+38 1e+38 87.1188 1e+38 1e+38 1e+38 1e+38 1e+38 1e+38 1e+38 19.8309 
1e+38 1e+38 1e+38 1e+38 1e+38 1e+38 1e+38 1e+38 1e+38 1e+38 0 1 1e+38 1e+38 1e+38 1e+38 1e+38 1e+38 48.8319 1e+38 1e+38 1e+38 79.8106 1e+38 1e+38 1e+38 1e+38 1e+38 1e+38 87.3433 1e+38 26.1253 1e+38 1e+38 1e+38 1e+38 1e+38 51.5125 1e+38 1e+38 1e+38 83.2013 1e+38 10.6885 1e+38 2.17785 1e+38 58.1611 62.3653 85.7961 
50.8529 45.0314 1e+38 1e+38 1e+38 43.467 1e+38 1e+38 1e+38 1e+38 1e+38 0 1 1e+38 1e+38 1e+38 1e+38 1e+38 1e+38 1e+38 1e+38 1e+38 1e+38 17.4189 1e+38 1e+38 1e+38 90.8947 1e+38 1e+38 1e+38 1e+38 1e+38 1e+38 1e+38 1e+38 1e+38 1e+38 1e+38 1e+38 92.1181 1e+38 1e+38 1e+38 10.0747 1e+38 1e+38 1e+38 1e+38 35.6946 
1e+38 1e+38 1e+38 1e+38 1e+38 1e+38 1e+38 1e+38 1e+38 1e+38 1e+38 0.452658 0 1 1e+38 95.8289 1e+38 35.9759 1e+38 1e+38 1e+38 4.58033 1e+38 6.94018 1e+38 1e+38 1e+38 1e+38 1e+38 1e+38 1e+38 1e+38 1e+38 1e+38 1e+38 1e+38 1e+38 1e+38 1e+38 1e+38 1e+38 1e+38 8.97683 1e+38 1e+38 1e+38 1e+38 1e+38 1e+38 68.6582 
67.8162 1e+38 1e+38 14.461 1e+38 1e+38 1e+38 1e+38 1e+38 1e+38 16.676 1e+38 1e+38 0 1 97.1701 1e+38 1e+38 1e+38 1e+38 1e+38 1e+38 1e+38 1e+38 1e+38 1e+38 1e+38 1e+38 1e+38 1e+38 1e+38 1e+38 1e+38 1e+38 1e+38 1e+38 89.9759 1e+38 58.2218 1e+38 1e+38 1e+38 1e+38 1e+38 1e+38 14.2212 21.1585 1e+38 1e+38 76.5356 
1e+38 59.5995 36.5046 1e+38 95.5275 1e+38 1e+38 1e+38 1e+38 1e+38 1e+38 1e+38 1e+38 1e+38 0 1 1e+38 1e+38 1e+38 1e+38 1e+38 1e+38 1e+38 1e+38 1e+38 81.5001 80.5322 1e+38 1e+38 1e+38 1e+38 1e+38 72.7799 1e+38 1e+38 1e+38 1e+38 1e+38 1e+38 1e+38 1e+38 1e+38 1e+38 1e+38 1e+38 7.42081 71.5321 1e+38 1e+38 57.8199 
1e+38 1e+38 1e+38 1e+38 1e+38 1e+38 1e+38 1e+38 1e+38 1e+38 1e+38 82.5 1e+38 12.9464 1e+38 0 1 1e+38 37.1178 1e+38 1e+38 1e+38 1e+38 1e+38 63.1586 1e+38 1e+38 1e+38 1e+38 1e+38 92.5106 28.7763 1e+38 1e+38 32.6234 1e+38 1e+38 1e+38 1e+38 1e+38 1e+38 1e+38 1e+38 1e+38 73.4459 1e+38 1e+38 1e+38 1e+38 11.2687 
1e+38 1e+38 35.9279 1e+38 1e+38 1e+38 12.339 1e+38 1e+38 75.1195 1e+38 1e+38 1e+38 1e+38 1e+38 1e+38 0 1 1e+38 1e+38 1e+38 1e+38 1e+38 1e+38 1e+38 1e+38 1e+38 1e+38 1e+38 1e+38 1e+38 1e+38 1e+38 1e+38 1e+38 1e+38 1e+38 1e+38 1e+38 1e+38 1e+38 1e+38 1e+38 1e+38 1e+38 1e+38 1e+38 1e+38 1e+38 23.1087 
1e+38 1e+38 1e+38 1e+38 1e+38 31.2371 1e+38 1e+38 30.0672 1e+38 1e+38 1e+38 68.8876 1e+38 1e+38 1e+38 64.6177 0 1 1e+38 1e+38 1e+38 1e+38 1e+38 1e+38 1e+38 1e+38 1e+38 1e+38 1e+38 14.7502 1e+38 1e+38 1e+38 1e+38 1e+38 1e+38 1e+38 1e+38 1e+38 1e+38 1e+38 1e+38 1e+38 1e+38 1e+38 1e+38 1e+38 1e+38 40.9338 
63.0999 1e+38 1e+38 1e+38 1e+38 1e+38 1e+38 1e+38 46.52 1e+38 35.0014 1e+38 1e+38 1e+38 1e+38 1e+38 1e+38 1e+38 0 1 1e+38 1e+38 1e+38 1e+38 1e+38 1e+38 1e+38 1e+38 1e+38 1e+38 1e+38 1e+38 1e+38 1e+38 1e+38 1e+38 1e+38 1e+38 1e+38 1e+38 89.2489 1e+38 1e+38 3.97054 21.477 33.3826 1e+38 1e+38 1e+38 22.7243 
1e+38 1e+38 1e+38 1e+38 1e+38 1e+38 1e+38 1e+38 1e+38 74.6414 1e+38 1e+38 1e+38 1e+38 1e+38 67.5757 1e+38 1e+38 1e+38 0 1 1e+38 1e+38 1e+38 1e+38 1e+38 1e+38 1e+38 1e+38 1e+38 1e+38 1e+38 1e+38 96.8681 17.9081 1e+38 1e+38 1e+38 1e+38 1e+38 1e+38 1e+38 1e+38 1e+38 1e+38 1e+38 1e+38 47.2154 1e+38 8.28898 
12.1102 9.09239 33.3188 1e+38 1e+38 1e+38 1e+38 1e+38 1e+38 1e+38 1e+38 1e+38 1e+38 1e+38 1e+38 1e+38 1e+38 1e+38 72.9056 67.5976 0 1 1e+38 10.9856 1e+38 1e+38 1e+38 1e+38 1e+38 56.5732 1e+38 1e+38 1e+38 1e+38 1e+38 1e+38 1e+38 1e+38 1e+38 1e+38 1e+38 1e+38 1e+38 1e+38 1e+38 1e+38 1e+38 14.1927 1e+38 54.6359 
1e+38 1e+38 1e+38 1e+38 1e+38 16.4188 1e+38 1e+38 1e+38 1e+38 1e+38 1e+38 1e+38 1e+38 1e+38 33.0166 1e+38 1e+38 1e+38 1e+38 1e+38 0 1 1e+38 81.856 1e+38 1e+38 1e+38 1e+38 1e+38 18.2223 1e+38 52.534 1e+38 1e+38 1e+38 1e+38 1e+38 79.2848 39.9868 1e+38 1e+38 1e+38 1e+38 1e+38 10.3388 1e+38 1e+38 1e+38 5.96031 
1e+38 1e+38 1e+38 1e+38 1e+38 1e+38 2.90881 1e+38 93.5557 1e+38 1e+38 1e+38 1e+38 1e+38 1e+38 1e+38 1e+38 1e+38 61.0257 1e+38 1e+38 1e+38 0 1 1e+38 49.3222 1e+38 1e+38 1e+38 1e+38 1e+38 1e+38 1e+38 1e+38 1e+38 1e+38 1e+38 1e+38 1e+38 1e+38 1e+38 1e+38 1e+38 1e+38 1e+38 1e+38 1e+38 1e+38 1e+38 57.6728 
1e+38 9.13726 1e+38 1e+38 1e+38 62.8858 1e+38 1e+38 1e+38 1e+38 1e+38 1e+38 1e+38 1e+38 1e+38 1e+38 1e+38 27.7025 1e+38 1e+38 1e+38 1e+38 1e+38 0 1 1e+38 12.6704 1e+38 42.7971 1e+38 1e+38 77.1692 1e+38 1e+38 1e+38 1e+38 1e+38 1e+38 1e+38 1e+38 36.1239 1e+38 1e+38 1e+38 1e+38 1e+38 1e+38 1e+38 1e+38 10.4187 
1e+38 1e+38 1e+38 1e+38 1e+38 1e+38 59.3295 1e+38 1e+38 1e+38 1e+38 1e+38 1e+38 1e+38 94.2621 1e+38 1e+38 1e+38 1e+38 1e+38 1e+38 1e+38 1e+38 1e+38 0 1 78.9392 1e+38 1e+38 1e+38 1e+38 1e+38 1e+38 1e+38 1e+38 1e+38 1e+38 1e+38 1e+38 1e+38 1e+38 1e+38 1e+38 1e+38 1e+38 1e+38 1e+38 1e+38 1e+38 48.4327 
18.9717 1e+38 1e+38 20.3528 1e+38 1e+38 1e+38 1e+38 1e+38 1e+38 1e+38 1e+38 1e+38 1e+38 1e+38 1e+38 1e+38 15.4176 1e+38 1e+38 1e+38 1e+38 97.5944 1e+38 1e+38 0 1 95.791 1e+38 1e+38 1e+38 1e+38 1e+38 3.70369 1e+38 1e+38 1e+38 1e+38 1e+38 1e+38 1e+38 1e+38 1e+38 1e+38 1e+38 1e+38 7.92112 1e+38 1e+38 36.7215 
1e+38 1e+38 1e+38 52.6371 1e+38 1e+38 1e+38 1e+38 1e+38 87.1432 1e+38 1e+38 1e+38 1e+38 1e+38 1e+38 1e+38 82.415 1e+38 41.8214 40.2929 1e+38 1e+38 1e+38 1e+38 1e+38 0 1 1e+38 1e+38 1e+38 1e+38 1e+38 1e+38 1e+38 1e+38 1e+38 1e+38 1e+38 1e+38 24.3356 1e+38 1e+38 1e+38 1e+38 54.9845 1e+38 1e+38 1e+38 1.2664 
1e+38 1e+38 1e+38 1e+38 1e+38 1e+38 15.9282 1e+38 1e+38 1e+38 7.30284 1e+38 13.5327 1e+38 1e+38 42.4935 1e+38 1e+38 1e+38 1e+38 1e+38 1e+38 1e+38 1e+38 1e+38 1e+38 1e+38 0 1 1e+38 1e+38 1e+38 1e+38 1e+38 1e+38 13.107 1e+38 1e+38 1e+38 58.4417 1e+38 1e+38 1e+38 1e+38 1e+38 1e+38 1e+38 88.6854 1e+38 5.27744 
1e+38 1e+38 1e+38 1e+38 1e+38 1e+38 1e+38 1e+38 1e+38 1e+38 1e+38 1e+38 1e+38 1e+38 1e+38 1e+38 51.2381 1e+38 1e+38 1e+38 1e+38 98.0884 1e+38 1e+38 1e+38 1e+38 1e+38 1e+38 0 1 1e+38 1e+38 1e+38 1e+38 1e+38 1e+38 1e+38 1e+38 1e+38 1e+38 1e+38 12.1782 1e+38 1e+38 1e+38 1e+38 1e+38 1e+38 1e+38 22.6731 
11.631 1e+38 1e+38 1e+38 1e+38 1e+38 1e+38 1e+38 8.72635 1e+38 1e+38 20.782 1e+38 1e+38 1e+38 1e+38 1e+38 1e+38 77.196 1e+38 1e+38 1e+38 1e+38 1e+38 1e+38 1e+38 1e+38 1e+38 1e+38 0 1 1e+38 1e+38 1e+38 1e+38 15.6575 1e+38 1e+38 52.8761 1e+38 1e+38 1e+38 1e+38 78.7981 15.1729 4.6024 1e+38 1e+38 1e+38 39.5422 
1e+38 69.6769 1e+38 9.84532 17.2718 1e+38 1e+38 1e+38 1e+38 1e+38 1e+38 26.2305 1e+38 1e+38 1e+38 1e+38 1e+38 1e+38 1e+38 1e+38 1e+38 1e+38 83.5973 1e+38 1e+38 1e+38 98.9499 1e+38 1e+38 1e+38 0 1 1e+38 1e+38 1e+38 76.6743 1e+38 79.4111 1e+38 1e+38 1e+38 1e+38 1e+38 19.9916 1e+38 5.84896 1e+38 1e+38 1e+38 37.6327 
1e+38 1e+38 1e+38 22.2185 1e+38 1e+38 1e+38 1e+38 44.5299 20.5545 10.951 1e+38 1e+38 1e+38 1e+38 1e+38 1e+38 1e+38 1e+38 56.3006 1e+38 1e+38 1e+38 1e+38 1e+38 1e+38 1e+38 1e+38 1e+38 44.8014 1e+38 0 1 1e+38 1e+38 1e+38 1e+38 1e+38 1e+38 52.5256 1e+38 1e+38 1e+38 1e+38 1e+38 5.58285 1e+38 1e+38 1e+38 26.4332 
1e+38 1e+38 46.489 1e+38 1e+38 1e+38 1e+38 1e+38 1e+38 1e+38 1e+38 1e+38 1e+38 1e+38 1e+38 1e+38 75.995 1e+38 1e+38 1e+38 1e+38 1e+38 1e+38 1e+38 1e+38 1e+38 1e+38 29.0517 1e+38 1e+38 1e+38 62.3678 0 1 40.9872 19.9551 1e+38 1e+38 1e+38 1e+38 1e+38 1e+38 87.25 1e+38 1e+38 37.0369 50.1534 1e+38 1e+38 97.4614 
1e+38 1e+38 1e+38 60.2919 55.4964 1e+38 1e+38 1e+38 1e+38 1e+38 1e+38 11.0119 1e+38 1e+38 1e+38 1e+38 1e+38 1e+38 1e+38 1e+38 5.88772 1e+38 1e+38 1e+38 1e+38 1e+38 1e+38 1e+38 1e+38 1e+38 1e+38 1e+38 30.1221 0 1 85.6184 1e+38 1e+38 1e+38 1e+38 1e+38 1e+38 1e+38 1e+38 1e+38 1e+38 1e+38 62.2247 1e+38 98.7693 
1e+38 1e+38 1e+38 1e+38 1e+38 1e+38 78.8009 1e+38 36.3689 1e+38 1e+38 1e+38 1e+38 1e+38 1e+38 1e+38 1e+38 1e+38 1e+38 1e+38 1e+38 49.0207 1e+38 1e+38 1e+38 1e+38 1e+38 1e+38 48.6792 1e+38 1e+38 1e+38 1e+38 1e+38 0 1 90.4428 1e+38 1e+38 1e+38 1e+38 1e+38 1e+38 1e+38 1e+38 1e+38 22.6347 1e+38 80.2747 87.9872 
1e+38 1e+38 37.0079 1e+38 1e+38 1e+38 67.9435 1e+38 1e+38 1e+38 1e+38 1e+38 81.0473 1e+38 1e+38 1e+38 32.5197 1e+38 1e+38 1e+38 1e+38 1e+38 1e+38 1e+38 62.2786 1e+38 1e+38 1e+38 26.8083 31.3237 1e+38 1e+38 51.4834 9.90838 1e+38 0 1 1e+38 1e+38 1e+38 1e+38 1e+38 1e+38 1e+38 1e+38 1e+38 1e+38 22.9544 1e+38 78.0551 
1e+38 1e+38 1e+38 1e+38 1e+38 1e+38 1e+38 1e+38 1e+38 1e+38 70.7091 1e+38 1e+38 1e+38 1e+38 1e+38 4.60734 1e+38 1e+38 12.5974 61.0078 1e+38 1e+38 1e+38 1e+38 1e+38 1e+38 1e+38 39.5646 87.4441 1e+38 1e+38 1e+38 1e+38 1e+38 13.3324 0 1 1e+38 1e+38 1e+38 1e+38 1e+38 61.9303 1e+38 66.6701 1e+38 1e+38 15.503 58.3156 
1e+38 1e+38 68.221 1e+38 1e+38 39.1896 1e+38 1e+38 1e+38 1e+38 1e+38 1e+38 1e+38 1e+38 1e+38 1e+38 1e+38 1e+38 1e+38 1e+38 44.1104 38.6498 1e+38 1e+38 1e+38 1e+38 1e+38 1e+38 1e+38 1e+38 1e+38 1e+38 1e+38 1e+38 1e+38 41.9305 1e+38 0 1 1e+38 1e+38 62.7012 1e+38 1e+38 1e+38 15.2563 1e+38 1e+38 19.0326 89.2128 
29.3938 1e+38 1e+38 1e+38 1e+38 1e+38 1e+38 1e+38 1e+38 1e+38 1e+38 1e+38 1e+38 1e+38 0.313919 1e+38 1e+38 1e+38 41.9641 1e+38 67.4134 1e+38 1e+38 33.9145 86.4798 1e+38 49.1708 1e+38 30.5738 1e+38 1e+38 1e+38 1e+38 45.0023 1e+38 37.1477 73.445 1e+38 0 1 1e+38 1e+38 75.665 1e+38 1e+38 1e+38 1e+38 16.7766 71.0254 62.6373 
1e+38 1e+38 21.6368 1e+38 1e+38 1e+38 1e+38 21.524 1e+38 1e+38 1e+38 1e+38 1e+38 1e+38 98.1855 1e+38 1e+38 1e+38 1e+38 1e+38 1e+38 1e+38 1e+38 1e+38 1e+38 36.2803 1e+38 1e+38 53.0569 1e+38 1e+38 1e+38 1e+38 1e+38 1e+38 1e+38 1e+38 1e+38 1e+38 0 1 1e+38 77.6451 1e+38 1e+38 1e+38 1e+38 1e+38 1e+38 10.3293 
1e+38 1e+38 1e+38 39.769 1e+38 1e+38 1e+38 1e+38 6.49578 29.1062 1e+38 1e+38 1e+38 1e+38 1e+38 1e+38 1e+38 1e+38 49.8245 64.6646 1e+38 1e+38 1e+38 1e+38 1e+38 1e+38 11.8184 1e+38 1e+38 59.2794 1e+38 1e+38 9.26487 1e+38 1e+38 1e+38 1e+38 59.5943 1e+38 1e+38 0 1 1e+38 1e+38 1e+38 1e+38 1e+38 5.64373 1e+38 94.855 
1e+38 1e+38 1e+38 1e+38 1e+38 1e+38 1e+38 1e+38 1e+38 69.1673 1e+38 1e+38 12.9433 1e+38 15.3 1e+38 1e+38 1e+38 1e+38 1e+38 1e+38 1e+38 1e+38 1e+38 1e+38 1e+38 1e+38 1e+38 1e+38 1e+38 1e+38 1e+38 90.593 1e+38 1e+38 72.5369 1e+38 1e+38 1e+38 1e+38 1e+38 0 1 1e+38 1e+38 1e+38 1e+38 1e+38 1e+38 0.603598 
1e+38 1e+38 1e+38 1e+38 1e+38 1e+38 1e+38 1e+38 38.919 1e+38 1e+38 53.0554 1e+38 45.6009 1e+38 1e+38 18.1378 1e+38 1e+38 1e+38 1e+38 1e+38 1e+38 1e+38 1e+38 1e+38 26.3206 62.4453 1e+38 81.3538 63.0489 1e+38 1e+38 1e+38 1e+38 1e+38 1e+38 1e+38 95.127 1e+38 1e+38 1e+38 0 1 1e+38 1e+38 1e+38 1e+38 1e+38 21.7753 
1e+38 1e+38 1e+38 2.08833 1e+38 1e+38 87.5137 77.8391 1e+38 1e+38 1e+38 1e+38 1e+38 1e+38 1e+38 1e+38 1e+38 71.5939 1e+38 1e+38 1e+38 1e+38 1e+38 1e+38 17.0185 1e+38 1e+38 1e+38 1e+38 1e+38 1e+38 1e+38 1e+38 1e+38 30.6281 1e+38 1e+38 1e+38 1e+38 1e+38 1e+38 1e+38 1e+38 0 1 1e+38 1e+38 1e+38 1e+38 78.3493 
1e+38 1e+38 1e+38 1e+38 1e+38 1e+38 1e+38 1e+38 98.2845 1e+38 1e+38 1e+38 56.8509 1e+38 1e+38 1e+38 1e+38 68.5108 1e+38 1e+38 1e+38 1e+38 1e+38 1e+38 1e+38 1e+38 1e+38 1e+38 1e+38 28.6481 83.1318 1e+38 1e+38 1e+38 1e+38 1e+38 1e+38 1e+38 1e+38 1e+38 1e+38 1e+38 1e+38 1e+38 0 1 2.44013 1e+38 1e+38 8.06084 
1e+38 1e+38 1e+38 1e+38 1e+38 1e+38 1e+38 1e+38 1e+38 1e+38 1e+38 46.7147 1e+38 1e+38 1e+38 1e+38 43.8298 61.8195 1e+38 1e+38 1e+38 1e+38 1e+38 1e+38 1e+38 1e+38 1e+38 1e+38 51.8207 1e+38 1e+38 1.71133 1e+38 1e+38 34.6015 1e+38 1e+38 1e+38 1e+38 23.6558 1e+38 1e+38 1e+38 1e+38 1e+38 0 1 1e+38 1e+38 89.1084 
1e+38 1e+38 1e+38 1e+38 1e+38 83.3777 1e+38 1e+38 1e+38 1e+38 1e+38 1e+38 1e+38 1e+38 1e+38 1e+38 1e+38 1e+38 1e+38 1e+38 1e+38 62.7431 1e+38 1e+38 1e+38 55.6578 1e+38 1e+38 1e+38 77.7227 1e+38 1e+38 1e+38 43.9982 1e+38 1e+38 1e+38 1e+38 34.0972 17.8089 1e+38 1e+38 1e+38 1e+38 1e+38 1e+38 0 1 1e+38 15.4214 
1e+38 1e+38 1e+38 1e+38 1e+38 1e+38 87.6162 1e+38 1e+38 1e+38 1e+38 1e+38 1e+38 1e+38 82.0882 1e+38 1e+38 1e+38 1e+38 1e+38 27.2731 1e+38 1e+38 50.6312 72.7497 89.6874 1e+38 1e+38 1e+38 1e+38 26.641 1e+38 1e+38 4.80544 1e+38 1e+38 1.53258 1e+38 1e+38 1e+38 1e+38 1e+38 1e+38 1e+38 62.2029 1e+38 1e+38 0 1 38.7219 
1e+38 1e+38 1e+38 1e+38 81.9336 1e+38 1e+38 62.7443 1e+38 27.9777 1e+38 1e+38 90.7036 1e+38 1e+38 1e+38 1e+38 1e+38 1e+38 1e+38 1e+38 26.3299 1e+38 1e+38 1e+38 1e+38 82.576 1e+38 1e+38 1e+38 1e+38 1e+38 1e+38 1e+38 71.6019 1e+38 1e+38 1e+38 62.5857 1e+38 1e+38 1e+38 1e+38 1e+38 1e+38 1e+38 1e+38 1e+38 0 1 
1 14.3104 0.478852 37.6263 2.32115 51.726 86.7155 84.8972 46.8961 72.3102 71.5026 80.788 2.81009 89.4104 98.8785 74.412 89.2518 73.9173 76.8032 51.8375 17.1238 7.17202 55.052 55.1392 28.2445 64.4036 92.7689 34.705 93.9449 31.5454 8.85388 44.6849 45.8558 9.33273 82.3112 48.1769 61.0587 69.0267 33.0741 7.95479 41.3369 4.57668 88.7428 44.147 93.987 87.6214 18.559 83.2388 61.5386 0 
