50
0 1 41.456 9.60181 79.3839 14.0463 55.7669 14.0855 15.2557 25.739 3.74175 8.15773 76.2245 73.6112 46.7906 65.2012 78.7205 18.3381 0.59649 78.8121 4.30848 36.8391 44.3902 27.5835 35.8977 36.8499 73.6365 1.52075 38.9724 97.5875 83.8149 93.6623 48.5223 25.2709 3.26415 27.9063 39.3172 59.0311 41.9918 54.5729 84.7701 45.7335 62.7307 60.9946 19.3447 9.5213 26.1957 98.0652 27.8594 26.7922 
76.8773 0 1 21.2675 59.7514 99.5291 58.1174 33.3879 1.0498 97.0898 30.9753 84.8647 90.7521 79.4976 10.1356 94.0162 7.4039 49.4528 53.0473 49.3957 4.02577 37.8174 95.1292 66.7564 98.8119 14.4739 76.2777 25.0077 12.5391 4.13716 51.7999 89.4164 36.3051 15.4312 10.6839 96.0565 14.9603 68.8012 29.4444 16.0101 65.891 60.4197 0.874765 56.6431 39.9173 11.0104 50.6593 47.3212 60.4632 3.70661 
96.7169 64.489 0 1 31.2454 40.3359 6.32006 7.52315 65.3435 18.8592 11.6603 17.1434 8.27557 47.9654 32.5746 18.9594 44.0219 47.5349 87.7607 73.4662 63.545 53.6516 33.8859 64.4197 10.2947 73.8033 75.4301 60.954 21.1245 35.8933 64.6607 17.8414 0.382317 6.18463 9.68759 31.6277 46.5205 16.0077 39.1509 11.864 34.8668 50.8112 29.0075 43.1424 98.7766 61.5821 62.1018 42.7985 9.11701 49.8625 
16.2647 72.662 3.51414 0 1 13.8089 23.9539 12.5118 74.7629 45.0784 48.4052 39.4236 62.9198 48.7875 45.6082 72.6074 80.4152 92.1287 88.6151 19.5661 3.99274 23.4819 70.3773 33.0002 66.6243 69.1539 94.5823 28.7261 11.9524 3.69933 78.5886 28.217 76.3613 82.1027 78.3676 13.443 95.9116 2.32152 25.9548 70.6745 47.3999 74.36 10.0981 10.3197 23.1475 55.7062 82.9271 3.56268 47.8349 71.5422 
23.1288 51.8277 95.0241 93.5061 0 1 62.66 79.4102 90.3745 74.6124 83.1095 68.9631 2.8294 59.4708 51.0659 81.197 72.9138 46.9775 83.5186 98.8687 17.652 30.9185 73.2287 27.7501 41.2382 96.3761 83.4563 24.1653 99.9388 31.2912 95.7076 23.0676 83.1189 90.7317 16.5737 67.9468 52.3801 79.2337 47.357 42.7546 53.846 30.4665 11.7178 56.6754 89.9373 62.7837 37.8725 62.8512 9.76116 21.391 
61.7199 27.4132 52.3095 34.9485 55.1632 0 1 38.6195 17.713 31.2635 69.9108 13.4206 54.3311 53.0297 4.15226 70.9048 20.9765 56.5324 50.1385 68.3335 99.287 3.98448 98.8 11.0048 60.6599 88.7373 73.7885 98.5324 51.5885 83.5496 19.9234 13.3084 10.9628 72.2329 48.2569 66.126 65.7806 79.5816 4.74553 83.4936 10.8451 74.6563 96.9142 65.1762 27.686 1.06642 36.081 48.6625 57.5988 86.2195 
16.996 56.8858 90.204 15.796 67.8906 50.8639 0 1 49.3963 56.1219 25.2287 69.3196 69.4303 36.1915 41.5525 17.6872 2.31746 7.3331 97.2688 7.06299 90.8267 8.11397 81.7193 87.7408 73.2902 9.40529 88.8072 9.37124 58.0678 46.406 95.5907 75.0637 3.29182 85.7947 90.8597 71.1824 36.6586 95.393 12.8615 86.0548 51.5149 38.0901 55.3745 20.9451 74.2816 96.927 38.6323 76.599 4.26011 35.9012 
83.662 95.0868 44.0151 65.3813 82.8276 17.3054 74.7866 0 1 32.8544 18.0409 22.2673 7.91813 21.3327 8.06204 98.7778 92.5151 44.7206 94.1709 5.37657 30.7754 45.6857 43.4667 86.1499 66.6309 17.7483 83.0769 5.26322 94.3473 87.3371 41.1644 78.0093 82.4239 85.1795 43.3907 65.2515 2.4849 18.1773 36.8863 29.1615 51.0317 54.9272 51.4288 58.9498 76.2599 59.4909 57.7276 68.775 4.21148 51.8985 
74.1516 34.9869 97.5842 17.6183 21.1369 64.2151 35.3666 4.21381 0 1 91.5509 10.6427 7.72323 73.9747 95.8222 51.1139 39.2262 98.3071 69.2912 76.1125 27.4686 20.3228 31.0397 78.8975 79.2726 7.29966 38.3883 37.0003 76.0747 42.5998 88.8988 50.2263 77.5868 86.483 67.8446 98.7236 50.6981 3.21123 2.93743 20.1764 32.9251 94.4883 30.8191 40.6484 68.463 26.6414 91.7623 7.68923 24.9485 61.0534 
83.8017 52.4172 81.3763 14.8415 31.3146 60.6489 22.1411 69.703 97.6492 0 1 86.5479 48.4422 89.8895 73.0309 16.2868 88.6132 23.729 19.4981 91.5506 43.9054 52.4232 86.0389 74.7245 93.0716 54.502 1.36588 84.8338 62.1912 26.3144 45.8872 45.9929 78.7315 27.2635 60.8344 10.0462 87.9124 82.9756 1e+38 85.5616 81.1914 92.0519 72.1095 29.6336 81.9415 45.1404 45.9204 70.5547 68.8694 65.4185 
62.1053 12.7747 17.8417 48.1442 87.4993 10.9132 2.64612 88.8651 95.747 64.8373 0 1 10.8302 93.9111 68.8978 71.6646 3.95723 56.8102 54.6402 83.7064 42.3718 35.8316 75.7583 14.4812 65.4652 57.6998 59.6216 11.3856 28.2544 28.491 76.8041 90.3597 41.2657 94.6458 38.5039 28.765 5.55898 41.15 17.6301 1.30601 5.98729 32.8096 42.9403 16.8175 26.7207 11.8381 88.4822 30.6779 68.6483 43.1223 
14.3843 11.02 78.9539 90.1426 25.5013 44.4191 47.8424 85.1229 55.8047 76.0968 13.6139 0 1 54.8796 27.2546 4.96034 83.6446 32.8136 46.1103 1.27469 34.1196 52.0976 34.0843 77.0599 68.9151 60.805 88.8979 57.3973 91.4829 57.5462 0.519622 5.86715 68.5662 79.4736 96.0097 94.0675 23.8927 43.8521 79.1904 79.6974 19.9489 92.8043 12.3062 86.4053 47.6839 39.5608 91.3657 31.3285 72.3744 37.476 
32.6032 6.49392 89.5736 66.6875 83.5538 58.4887 27.4925 72.4517 15.886 18.9754 29.9979 16.4056 0 1 95.8792 20.8523 92.6317 19.7719 64.7044 71.8221 99.4693 84.6532 64.6265 11.7755 71.0586 12.3104 51.3363 62.4242 43.6389 23.7107 99.9002 76.2422 30.2046 89.4739 42.9297 13.7584 47.9626 70.4222 86.2101 63.8486 89.3976 16.208 80.2543 14.2402 14.7722 76.1335 35.0925 7.40387 95.9054 99.7968 
79.226 95.3747 84.4501 43.8525 7.15018 55.5086 56.1629 58.4865 17.9329 99.8018 82.1972 17.8331 76.044 0 1 18.9737 26.1601 55.2696 89.396 12.3702 19.1182 78.7936 28.5783 99.3725 93.0338 43.3504 75.506 28.1263 50.7543 71.4113 27.9231 29.9803 66.786 12.3732 73.8328 73.9362 67.8818 29.9957 32.4227 85.8146 29.7975 14.6198 3.64773 5.8415 27.0216 10.9547 24.8152 53.1818 66.2243 14.2112 
65.552 85.3425 93.0048 94.1303 84.715 86.0386 37.4807 60.2209 14.1648 88.235 31.6323 42.0879 18.2154 98.4182 0 1 72.3544 22.3429 22.0438 4.77708 8.1575 51.8413 19.3969 11.8052 57.6828 46.4185 22.7599 82.498 99.6003 88.9842 96.7092 65.1523 74.3267 89.714 59.2826 59.0417 75.7526 96.7633 19.2626 89.9174 84.9983 50.8949 32.0054 3.21369 49.3131 86.4665 95.2619 21.6675 8.80933 17.3057 
26.4446 16.9668 69.147 45.8415 28.7721 26.8298 92.26 51.532 9.32788 91.8603 40.5162 6.0371 57.0126 14.8429 95.7511 0 1 71.5037 13.0584 93.1471 61.4211 98.0568 44.042 93.4264 1.27045 93.3551 79.8929 96.5323 15.0226 88.7022 13.838 41.4672 5.66904 82.985 87.3087 34.4411 9.81485 79.5687 85.9731 19.1427 71.429 26.4893 25.1798 28.4416 41.3322 20.9309 44.7368 15.2167 92.4346 57.7952 
8.36386 53.8556 55.852 52.4059 47.282 57.1224 45.7609 27.1749 53.6547 60.7836 15.8771 67.4927 2.25074 21.5462 50.4777 89.5594 0 1 69.1281 41.9603 79.4353 40.5571 68.4496 4.61513 68.9988 9.78179 25.5461 13.7355 24.9985 17.9806 71.5307 33.3624 71.8363 27.3827 85.7682 19.1183 84.5051 31.5292 46.2932 38.1598 92.3127 62.1704 5.65251 94.5634 83.7165 56.1302 84.1229 39.7038 16.4228 53.251 
81.6641 95.8581 93.8082 50.1138 0.473188 62.8069 59.8956 26.0192 76.5424 84.8941 43.9999 48.0732 18.2564 15.8361 75.4559 4.02462 34.9544 0 1 81.2477 98.1208 27.8665 43.418 3.7733 22.4299 27.1346 59.9035 6.55281 66.8384 76.3263 59.8038 48.5025 72.1843 53.612 98.6163 72.6575 16.4189 58.5118 98.6768 92.9613 43.4059 42.6766 41.0345 61.6623 58.5128 16.4904 65.6869 93.4672 76.4513 1.24068 
74.7149 74.5721 29.1072 18.1329 78.3454 51.5371 45.2674 38.2489 58.0899 12.1058 14.5752 17.8937 60.6083 86.7595 71.5057 59.2245 59.4171 87.9246 0 1 80.8859 61.1422 0.770458 21.9204 22.8045 59.2832 38.4107 88.4914 52.7504 14.8621 89.7321 27.4653 89.4342 18.8393 45.5981 67.7796 70.3764 90.8656 6.02854 28.4663 2.97134 20.6037 46.36 63.5796 7.36328 17.8657 22.8042 66.7803 5.79028 40.5405 
24.8742 86.6762 1.68277 25.6446 8.59655 24.4873 84.9278 47.0073 12.9787 37.6782 61.8694 2.71082 65.1435 51.3036 21.5501 10.7416 19.0832 91.9265 1.60718 0 1 4.57852 45.7155 66.7528 68.1581 53.0787 84.6185 90.9623 19.8591 90.4087 31.5028 44.7332 77.0849 33.1856 70.3779 85.6814 57.6729 55.3057 32.6887 70.6516 92.984 94.5581 73.3624 58.1275 45.8617 94.9125 68.8691 64.9448 86.839 70.4763 
90.0565 7.23174 75.0548 35.772 73.9845 43.2129 88.8507 58.6029 34.1753 8.70982 49.0117 65.6781 53.4431 26.0966 98.8637 23.8209 11.778 56.5366 79.1267 44.4667 0 1 39.0248 0.550682 30.2381 84.8865 95.4632 99.1072 49.8313 82.3022 69.5834 39.8879 89.534 44.6382 75.6599 63.5184 87.8512 64.5106 22.1214 22.0264 73.2204 71.1331 87.7045 26.6635 97.2296 86.5682 50.4844 9.00765 43.1048 29.6111 
53.4744 70.2931 1.72173 92.4992 70.8438 31.9598 77.3857 66.307 31.067 27.2171 48.6092 0.650425 67.1049 38.1432 45.2887 42.7648 1.6616 33.1398 7.27543 23.783 55.1663 0 1 42.8708 7.15936 92.1457 29.439 57.6438 1.15335 72.5439 87.2549 54.6278 42.8369 88.9766 47.127 13.6807 20.9365 24.5127 79.9877 52.0034 51.7298 28.5969 52.6539 18.8348 66.74 97.9425 61.5996 68.4016 31.0824 68.875 
92.1846 86.2487 49.3709 87.1007 29.1195 56.5302 79.2464 58.5585 14.1741 80.3997 31.1024 1.42897 35.0275 73.9393 90.4056 82.1545 87.62 11.3421 6.66722 67.6077 63.3455 58.397 0 1 77.2318 62.9446 13.9419 38.8314 31.3462 45.0243 7.70641 23.5309 31.2729 57.0773 10.6315 60.3924 13.6075 89.8779 18.9509 27.7816 70.2776 50.0533 29.2106 5.30511 23.9926 19.6162 87.4596 11.6126 30.9582 94.1268 
79.2203 94.3037 52.5239 75.4249 10.3031 29.7557 38.3695 24.245 68.5871 69.7158 69.2693 76.2935 93.2466 0.542232 33.3708 3.87816 60.9346 46.9783 93.7561 79.8855 74.7599 64.0337 29.9388 0 1 53.9314 23.5866 56.7984 65.544 54.5448 50.9252 44.7644 48.8486 3.44906 20.1893 59.1517 33.2047 58.5588 83.3967 1.79179 28.2745 52.666 78.0853 21.5212 53.2082 11.456 25.3993 14.1429 58.4343 19.1554 
94.0284 33.1942 83.1891 23.9672 37.1647 52.5279 77.8986 60.7513 9.32631 43.4426 15.2961 60.2515 88.207 64.1447 63.7006 8.39627 23.2964 96.9053 66.9551 6.69305 98.6971 95.2296 59.359 76.7824 0 1 88.2384 42.1501 26.7101 46.6727 61.3055 20.7385 79.867 44.4946 44.7057 17.0316 97.0225 22.6043 77.7829 6.34884 66.047 93.079 66.6004 54.254 57.2237 30.3009 62.6503 80.52 27.2062 29.6053 
87.2131 25.9033 24.8349 46.5721 2.68565 41.5857 59.1394 90.924 83.7358 85.8495 37.5968 45.0413 6.58803 17.4637 89.536 51.2938 34.4954 86.5585 73.8981 12.2783 92.9073 39.9451 5.35729 59.5077 94.1991 0 1 56.8493 43.101 17.0148 86.4546 30.3141 42.9181 11.2896 76.8862 45.6037 52.8753 36.0256 36.5278 36.6111 21.8751 74.1246 81.6525 28.4631 91.5883 71.1884 79.7568 26.0837 57.7469 53.6549 
38.362 50.6542 93.6 43.7193 10.1619 87.7991 6.30024 99.9705 44.6484 49.4012 16.9853 31.103 79.7153 59.9034 42.3926 56.6014 5.50719 95.2678 92.627 42.035 31.879 14.5021 16.1596 13.5314 42.9651 7.74787 0 1 33.8316 42.4668 76.3769 72.1936 93.121 69.9769 15.9129 3.28296 57.776 22.2131 3.25349 2.42436 71.6143 20.2388 33.5274 51.3296 80.1423 75.9199 7.93102 85.6494 71.1878 0.558006 
27.6844 3.06674 15.0601 43.844 16.5982 58.0252 51.5919 1.31804 80.7472 85.4234 43.7848 57.1241 57.617 36.9059 27.101 73.5299 40.1888 84.877 95.7429 43.4423 87.3014 67.3573 63.6811 20.8287 18.6868 43.8234 96.7487 0 1 67.9364 27.1759 57.1573 71.0032 42.2359 1.00126 87.6013 0.261109 52.5931 88.9194 81.0083 38.0165 32.7042 38.1324 95.6335 69.6101 65.2335 69.1634 9.79889 50.1105 64.9063 
53.2412 37.4119 32.2636 16.9224 58.2406 50.9504 60.7458 54.9893 77.5683 90.2186 22.9257 4.74413 47.3759 93.9289 46.98 48.3772 81.5302 47.2411 0.970274 70.4496 28.2494 38.9868 3.15377 66.3819 34.6204 72.7638 31.6153 3.78376 0 1 68.6901 35.8039 19.1377 0.953691 52.7263 77.3783 51.9041 13.472 32.3676 29.4724 3.69066 55.2933 34.2165 51.0666 49.2221 81.1966 99.4437 30.7523 28.4377 0.413988 
1.20188 56.6871 39.4008 4.35564 23.069 74.0212 77.1195 54.6843 77.8049 59.6822 36.4101 46.495 95.4861 55.5477 47.4487 48.2124 32.926 99.3528 61.6844 65.2936 28.8252 65.3751 20.5869 63.0417 16.4417 69.809 44.2383 15.8854 0.561288 0 1 1.76317 29.3631 55.7002 6.11881 52.4321 29.7213 83.2383 7.11642 7.52625 42.9205 43.5265 54.0213 38.4066 99.0743 1.46998 86.619 32.0003 0.822808 48.3034 
97.2939 29.648 13.6785 17.8807 92.6898 30.1202 87.6897 36.928 46.0056 88.251 9.60403 62.3049 90.0142 38.9672 18.0051 96.133 91.3993 47.7264 79.3713 98.5157 55.2527 22.2917 42.0422 9.27393 60.6983 41.1165 10.7439 47.3173 73.1168 11.5667 0 1 41.2147 9.29933 88.2914 33.9045 39.4195 75.9811 70.8325 85.4251 64.2321 80.4366 47.73 54.2462 19.4037 65.7351 50.3792 10.803 13.4615 29.7505 
9.31871 68.7142 52.0422 51.3609 77.9881 12.7405 92.4774 88.7321 60.0579 65.5941 0.298782 55.6786 36.0048 41.5135 64.978 24.2962 75.418 4.39752 0.27723 46.2506 89.8226 64.5093 26.6871 37.5527 18.7555 46.0909 3.28779 69.1348 56.8939 16.7493 98.8852 0 1 50.9274 17.5735 63.4517 63.6679 10.0509 52.1837 23.7258 75.645 52.4825 79.4045 11.6498 93.9961 44.3824 35.946 69.4141 48.78 36.2232 
15.6647 38.6026 0.732506 42.3518 76.1553 19.4881 88.4427 79.443 88.6228 45.3365 96.1924 87.508 11.5491 81.6559 38.4354 29.1226 45.1076 2.10338 39.1735 97.2914 25.8292 14.8185 49.7739 5.23364 26.4684 43.7699 49.6161 62.4143 13.184 98.396 98.6375 28.8487 0 1 71.2005 13.1539 18.8581 59.6431 92.5969 7.48089 4.97967 88.7893 94.9889 16.5288 70.4452 33.4244 45.6514 15.5528 35.5277 84.8249 
12.8442 61.3569 99.6434 62.6181 66.5906 26.1118 6.38803 16.2066 88.5261 19.5721 14.6027 87.1636 48.4207 51.6013 86.5337 19.6212 64.7552 5.39177 79.2644 57.3521 12.8727 84.244 46.1414 7.86157 0.772829 16.5866 41.2859 46.4242 32.1394 76.8137 31.2491 44.9836 38.1706 0 1 4.76114 57.0043 13.9897 20.9678 45.5305 33.5618 35.5705 32.6941 81.9825 87.1718 19.2278 1.60376 51.9269 24.6196 80.8681 
9.27901 37.4922 65.1122 55.4204 45.3538 65.885 72.007 86.6397 12.3092 4.14644 63.4534 43.5584 49.1301 1.62393 74.4509 56.7318 6.38507 31.4553 70.7215 27.3529 76.9857 4.28332 62.9233 9.67983 86.2659 50.0951 28.9076 87.8696 2.022 53.5272 68.7378 11.301 91.0194 33.8499 0 1 99.735 38.7284 23.0129 12.0442 42.8748 86.4663 55.6025 92.0049 88.0902 30.0535 48.7367 94.4753 61.5087 19.4582 
21.8281 38.4944 23.7416 84.7514 48.1743 10.0074 34.8465 77.0819 97.877 36.8685 30.6091 66.6148 48.1695 21.6285 0.464748 14.8909 58.0017 0.199705 53.6193 81.0146 12.2439 96.4942 67.4808 67.8464 88.4991 55.571 97.8999 37.2358 50.0463 59.4086 56.694 71.8744 97.903 80.4356 56.6258 0 1 91.4723 23.1592 88.32 28.3408 53.7683 54.9348 76.5103 75.3968 55.3996 91.4012 33.3984 55.5993 45.0205 
14.413 67.8432 41.5147 81.8939 35.6896 30.0137 37.4649 33.5895 67.2495 87.5112 92.9981 23.9435 59.3856 90.9011 4.37909 16.0114 36.9784 94.8221 7.48368 60.1376 83.1421 35.8245 13.9058 38.0769 12.3347 89.3026 93.4765 3.73593 22.701 49.0757 48.7564 37.1141 16.9189 90.2711 19.0079 52.6085 0 1 86.198 87.5344 43.984 79.1961 11.4779 3.36962 70.0972 15.857 19.381 7.07563 10.679 26.8647 
67.2132 93.8211 62.6891 81.119 31.898 75.0239 70.4216 25.3745 78.7598 93.1226 74.4502 27.5162 30.2367 91.3691 17.7873 49.2446 43.9776 38.0722 5.71745 30.1757 25.6065 49.7015 9.37178 37.0844 53.0711 79.469 52.9414 72.4521 86.5446 63.6204 99.3168 53.7578 57.4416 62.006 34.8769 89.3396 37.0298 0 1 15.7896 98.4211 89.1643 43.3059 28.6577 80.5334 61.0932 77.9023 24.5111 99.1654 83.6198 
54.6867 24.7719 33.3213 64.0585 61.8564 86.3924 43.5275 14.7978 58.8445 30.0722 78.4182 58.1613 83.83 35.8598 20.1673 18.7069 25.1993 57.1971 24.0053 39.9134 72.9867 22.4264 29.0777 16.2926 51.0841 9.61112 77.3858 28.9864 34.1222 76.5512 12.6062 88.8089 1.32315 45.9274 52.8675 63.1795 32.3198 96.395 0 1 26.4672 56.3954 49.3256 10.2972 92.2552 69.4929 29.004 17.4545 26.69 53.0094 
57.3679 99.6767 75.4357 86.4456 15.9694 26.5198 96.0567 93.3552 55.5062 30.1789 69.9064 68.1123 18.9879 71.2296 14.0397 71.8553 34.4091 46.3595 68.2503 12.3863 37.5238 94.7175 68.7818 86.8495 5.01469 61.037 56.3424 34.0187 78.4915 83.0324 87.0281 35.8594 82.7091 62.4638 22.3051 98.6785 88.9836 18.3618 92.0337 0 1 61.9401 12.6021 67.5286 33.1697 26.6419 39.384 67.5788 73.0014 7.63431 
79.9651 10.5252 2.35182 48.7469 97.3747 7.36651 9.7839 53.7171 41.3852 88.2754 36.7495 28.4133 24.1349 19.4586 90.8772 46.4399 18.1371 79.8608 64.8017 10.1708 24.3505 13.3425 72.1109 36.9526 80.8711 5.28057 63.5945 20.2551 72.8594 36.5959 27.8894 52.8245 47.1211 30.2412 1.5714 44.4958 37.6077 11.3553 98.2129 78.993 0 1 7.4063 23.7656 54.421 98.2834 70.2055 72.558 78.1442 35.0072 
82.7288 2.49473 48.3497 54.8396 39.4474 29.2208 60.1202 3.04186 49.4759 32.9796 39.6377 77.3653 85.8041 86.7589 7.60648 87.3755 31.2547 45.2142 98.7308 29.4676 24.2071 98.3615 64.43 31.6134 22.1271 18.8509 29.8969 92.3326 91.409 8.04109 27.3398 74.1377 10.5358 75.6895 28.9774 49.9832 4.91031 89.0976 53.0251 54.3862 22.0771 0 1 7.88119 79.4217 39.358 95.2567 10.6764 84.5721 93.9874 
40.144 8.77928 92.3489 4.57396 40.3927 14.476 23.4249 70.2896 6.80856 14.8338 78.3307 34.1484 88.9716 88.8665 9.83786 17.9489 38.8497 14.7482 7.0465 91.8748 69.1344 29.1236 84.5376 0.885843 37.0048 63.9592 40.2438 32.2615 74.6356 24.8159 26.2489 14.7795 33.5952 18.5978 19.3535 73.9879 33.0738 42.7784 44.2776 39.8824 57.6123 22.6083 0 1 11.4748 83.8686 64.5328 50.3245 98.6168 71.5793 
42.1993 67.7511 0.702901 26.7369 68.637 37.7077 90.6961 8.88076 69.9692 65.3317 33.6967 96.2181 80.1112 67.2919 14.816 99.4647 41.2798 47.8898 42.2431 85.5574 87.7722 99.8554 8.16566 61.8029 46.4392 19.6404 45.6715 10.972 69.965 44.2882 82.5512 12.1643 12.0394 83.2541 38.9011 80.6763 20.9619 29.5972 89.5571 90.9311 94.9289 23.2538 87.1492 0 1 1.96522 74.5049 31.8255 49.855 16.748 
17.3829 37.6272 16.6034 25.5486 99.43 63.0426 45.189 45.1015 74.0146 15.154 89.3897 56.5658 27.3183 1.42908 39.8199 66.2194 82.1054 60.7818 95.8167 71.6625 51.7129 90.7456 94.9163 38.8621 65.7857 85.462 40.8274 40.2906 17.2875 90.6824 57.0386 34.6704 28.3095 73.642 60.219 27.7396 36.6847 5.40804 72.8411 10.6993 20.562 62.2308 67.2651 47.8803 0 1 14.0997 45.7653 67.8668 9.91637 
17.4278 19.5797 0.661943 12.344 58.4419 66.4477 97.806 99.2692 6.73828 15.0935 89.9516 63.7769 49.7639 18.2611 37.419 9.98291 46.0007 74.1036 15.3909 18.8417 84.8029 35.953 81.0725 52.068 83.8333 44.7324 59.153 97.933 90.4977 27.0198 7.84938 7.92548 46.5995 8.51132 20.2695 5.04141 74.959 18.0755 4.31062 81.6973 33.169 94.2622 45.4742 82.9329 12.5233 0 1 58.5239 56.9968 8.30679 
77.3657 41.7997 44.2598 58.4382 93.8677 28.0931 3.17061 53.0207 26.0261 93.6683 80.0405 33.8755 1.5938 26.64 42.3868 21.8633 31.6814 17.3458 39.9389 35.9921 99.043 73.1079 30.2543 44.5172 56.0408 42.7775 27.4103 48.9566 1.3015 84.4071 57.2634 78.6672 26.2068 1.5232 37.1054 20.0745 29.6163 40.276 73.0951 55.6423 33.9443 53.1356 89.5178 35.5381 79.7756 31.9046 0 1 49.2503 97.3403 
47.4491 48.2934 70.4482 77.7034 92.8106 26.489 20.4809 20.2209 75.4456 21.7824 4.62803 32.709 0.449579 30.8348 34.2322 37.555 50.9093 63.8485 77.8309 24.0044 19.4908 11.7752 77.14 9.00862 47.3134 56.9156 40.9132 4.71478 68.3727 90.1635 2.05506 15.8218 38.4569 72.5032 93.5251 31.2674 98.9922 14.006 51.4883 74.4378 35.7884 56.1164 7.14679 36.238 86.9512 41.379 73.793 0 1 51.6239 
61.8649 24.7183 63.3992 39.0049 33.7269 10.7125 95.9205 74.6401 15.4273 64.2931 64.8036 17.4824 80.1149 3.26048 89.9856 73.64 34.5279 88.9777 87.6461 86.0162 63.4155 23.4345 42.1326 70.5623 59.6725 29.0838 11.9413 33.4655 66.9442 17.1688 85.0894 28.8091 41.8871 48.4886 67.814 75.6141 59.2011 63.7344 50.2542 74.6284 28.0276 15.0578 92.1108 8.14246 18.3183 82.0963 81.7825 52.8462 0 1 
1 34.4896 92.8631 80.995 5.05191 52.5356 10.0787 16.9932 86.0011 77.0229 34.162 71.0905 5.83204 76.0491 19.5791 73.646 51.6632 78.7802 37.3804 1.91737 53.4086 65.408 16.9752 45.5194 73.5504 35.2934 27.6157 55.3329 88.1396 98.6898 24.7615 27.002 33.1795 17.6245 7.99692 38.2314 70.1601 18.0756 55.2246 56.1612 95.0986 89.3866 27.2517 0.930633 65.4358 46.8308 74.5766 17.099 25.6111 0 
