50
0 1 1e+38 6.10748 1e+38 1e+38 1e+38 53.1907 7.60055 1.82567 57.2925 1e+38 1e+38 39.9892 95.2591 1e+38 1e+38 1e+38 59.773 78.5707 77.4076 29.5739 1e+38 40.5684 56.5439 32.366 1e+38 1e+38 1e+38 1e+38 1e+38 31.3884 1e+38 3.90811 1e+38 29.4313 84.787 1e+38 82.622 1e+38 1e+38 1e+38 1e+38 51.4066 1e+38 45.2038 1e+38 1e+38 1e+38 65.2665 
1e+38 0 1 99.3634 61.9703 51.3843 1e+38 50.49 13.6788 50.52 1e+38 84.845 1e+38 1e+38 1e+38 1e+38 43.3086 1e+38 1e+38 25.9306 1e+38 25.5058 65.8451 15.8722 76.9124 1e+38 1e+38 1e+38 1e+38 5.07032 1e+38 52.5508 1e+38 1e+38 1e+38 88.4426 93.8972 83.6434 1e+38 1e+38 1e+38 1e+38 92.421 1e+38 1e+38 81.1742 1e+38 90.661 54.7143 7.0181 
16.5916 1e+38 0 1 36.5141 1e+38 1e+38 1e+38 91.8423 1e+38 1e+38 1e+38 90.6006 1e+38 82.0278 42.5147 17.5753 75.925 1e+38 1e+38 1e+38 60.3216 1e+38 75.922 1e+38 1e+38 1e+38 11.8692 1e+38 11.8104 18.8873 44.5877 1e+38 51.4113 27.0244 1e+38 1e+38 1e+38 1e+38 1e+38 93.2598 1e+38 1e+38 83.8604 1e+38 74.2326 26.3751 15.9249 1e+38 52.5333 
1e+38 33.6586 12.8549 0 1 1e+38 99.7508 66.6768 1e+38 27.747 1e+38 1e+38 1e+38 1e+38 1e+38 1e+38 1e+38 1e+38 1e+38 46.4626 1e+38 1e+38 1e+38 77.1583 31.6892 14.0291 1e+38 58.0644 1e+38 1e+38 10.5977 1e+38 1e+38 1e+38 1e+38 44.7878 12.7008 64.5533 1e+38 13.8182 1e+38 89.9519 33.8229 1e+38 1e+38 5.23891 1e+38 80.7975 1e+38 18.5633 
1e+38 22.456 1e+38 42.9396 0 1 56.9687 51.0051 1e+38 1e+38 52.5536 1e+38 1e+38 87.7607 90.196 1e+38 32.5484 2.89679 1e+38 1e+38 16.715 10.9657 1e+38 1e+38 1e+38 1e+38 1e+38 1e+38 1e+38 1e+38 58.1583 42.9141 15.7353 24.5504 1e+38 15.3495 1e+38 42.8223 66.3546 1e+38 29.7451 18.9082 45.521 19.0547 6.66888 1e+38 1e+38 39.2173 1e+38 91.8322 
83.2303 1e+38 1e+38 1e+38 5.86669 0 1 1e+38 17.9937 67.7056 54.9228 1e+38 10.6197 70.6581 1e+38 1e+38 1e+38 1e+38 1e+38 1e+38 1e+38 69.0408 1e+38 1e+38 1e+38 1e+38 83.3498 1e+38 17.1566 1e+38 53.0945 0.386958 1e+38 1e+38 1e+38 1e+38 1e+38 1e+38 44.8027 52.2849 1e+38 1e+38 28.4369 1e+38 1e+38 1e+38 44.4325 56.3911 52.4735 83.7281 
8.75334 54.5853 52.7689 80.0238 2.21808 40.8643 0 1 2.1266 75.1198 1e+38 1e+38 75.5067 1e+38 1e+38 93.0889 1e+38 1e+38 1e+38 12.786 97.6896 1e+38 1e+38 26.1265 48.0214 82.8949 55.2658 1e+38 39.286 7.73934 1e+38 1e+38 1e+38 28.9508 1e+38 1e+38 69.8152 86.0263 1e+38 71.9418 61.146 57.6422 1e+38 1e+38 42.4663 38.2764 1e+38 1e+38 83.6811 92.4645 
1e+38 1e+38 92.5267 35.747 1e+38 40.5481 1e+38 0 1 1e+38 70.5023 1e+38 5.96727 32.8269 1e+38 34.0304 1e+38 1e+38 1e+38 1e+38 1e+38 81.2027 5.1225 1e+38 1e+38 1e+38 45.3309 47.5972 1e+38 1e+38 40.0616 1e+38 10.3827 32.5883 17.021 1e+38 73.1364 1e+38 80.6428 6.13837 1e+38 51.1451 1e+38 1e+38 1e+38 1e+38 33.5886 81.3416 1e+38 53.6453 
1e+38 41.2987 34.848 1e+38 1e+38 1e+38 1e+38 1e+38 0 1 22.6962 40.3623 1e+38 1e+38 72.9506 1e+38 50.9587 1e+38 73.5297 1e+38 1e+38 1e+38 1e+38 1e+38 66.6788 66.7185 21.0047 0.267333 1e+38 1e+38 53.9126 1e+38 23.7104 1e+38 10.8265 72.0637 41.4641 92.3597 1e+38 41.7648 31.9314 1e+38 1e+38 1e+38 1e+38 1e+38 1e+38 1e+38 1.16474 64.1736 
4.08316 1e+38 31.2942 1e+38 20.9379 97.973 53.5482 1e+38 98.2403 0 1 1e+38 1e+38 48.0647 40.9135 89.3169 1e+38 1e+38 1e+38 1e+38 24.1424 1e+38 74.3205 6.26947 1e+38 1e+38 61.3472 57.029 1e+38 1e+38 21.2026 72.4084 15.9021 52.4969 1e+38 1e+38 50.4699 12.7863 78.7826 1e+38 14.3947 1e+38 1e+38 1e+38 1e+38 41.7767 1e+38 1e+38 24.1543 63.8786 
1e+38 1e+38 1e+38 31.527 1e+38 1e+38 1e+38 15.9133 1e+38 1e+38 0 1 68.1042 1e+38 74.6002 27.3423 1e+38 1e+38 40.1286 9.94986 1e+38 1e+38 1e+38 1e+38 1e+38 64.2884 1e+38 1e+38 1e+38 40.5743 93.489 92.825 1e+38 1e+38 1e+38 1e+38 1e+38 51.7224 59.3505 15.748 47.4182 37.7758 37.8513 1e+38 32.1031 1e+38 1e+38 1e+38 37.5214 82.9933 
1e+38 11.3016 37.5165 1e+38 85.945 1e+38 1e+38 1e+38 14.5353 1e+38 1e+38 0 1 1e+38 1e+38 3.39083 75.2474 93.8472 1e+38 34.5979 1e+38 2.53149 72.3736 1e+38 1e+38 4.47675 59.8979 60.9186 67.7471 97.4193 43.9119 1e+38 8.72092 1e+38 1e+38 1e+38 66.3533 77.8699 1e+38 80.8886 1e+38 39.97 1e+38 43.1227 1e+38 1e+38 46.5136 47.0276 1e+38 1.62685 
1e+38 1e+38 4.15834 1e+38 18.8017 22.2122 1e+38 78.6996 1e+38 1e+38 1e+38 27.0427 0 1 8.47109 1e+38 1e+38 1e+38 72.3348 1e+38 55.7131 36.4186 1e+38 44.626 79.5413 1e+38 1e+38 1e+38 1e+38 74.299 27.6818 16.9398 1e+38 1e+38 1e+38 1e+38 1e+38 1e+38 1e+38 37.1832 1e+38 1e+38 1e+38 1e+38 4.11428 72.6969 1e+38 1e+38 47.5214 89.6279 
60.1564 3.23443 1e+38 76.663 1e+38 1e+38 1e+38 60.3994 31.6428 1e+38 34.6984 1e+38 1e+38 0 1 1e+38 1e+38 1e+38 1e+38 1e+38 1e+38 73.1956 7.23886 46.626 1e+38 1e+38 1e+38 1e+38 94.9731 66.8443 2.94498 1e+38 70.0787 1e+38 31.7925 17.9392 34.5794 1e+38 78.3386 1e+38 1e+38 13.0371 1e+38 1e+38 93.3898 1e+38 1e+38 1e+38 1e+38 19.9109 
1e+38 1e+38 1e+38 1e+38 1e+38 1e+38 1e+38 1e+38 1e+38 39.7281 1e+38 5.39234 94.8576 47.2006 0 1 1e+38 1e+38 23.3924 1e+38 35.1855 20.3987 1e+38 60.7322 34.6089 1e+38 77.4437 36.9621 1e+38 1e+38 56.8729 1e+38 1e+38 1e+38 1e+38 74.6554 39.1097 1e+38 84.933 41.557 1e+38 62.0549 46.9494 1e+38 9.25549 1e+38 1e+38 74.3953 50.2965 77.0518 
1e+38 85.482 1e+38 1e+38 46.2142 1e+38 24.2947 23.6579 69.0215 12.3987 1e+38 25.8944 1e+38 1e+38 75.8738 0 1 1e+38 1e+38 1e+38 1e+38 1e+38 68.374 3.48994 1e+38 1e+38 1e+38 79.5786 1e+38 1e+38 56.6305 69.8986 20.6017 1e+38 44.288 1e+38 86.1404 1e+38 1e+38 1e+38 80.9814 1e+38 81.0564 1e+38 1e+38 56.9302 1e+38 21.6209 71.9137 48.7392 
1e+38 1e+38 47.649 1e+38 31.9442 73.5681 73.9435 16.7674 53.1467 1e+38 51.8871 9.7772 95.867 72.4888 63.8582 40.155 0 1 1e+38 29.7787 5.16055 89.719 1e+38 86.2169 1e+38 83.5173 1e+38 1e+38 5.13822 15.0608 28.0864 1e+38 43.515 1e+38 1e+38 1e+38 49.3035 1e+38 92.2266 2.45023 1e+38 44.1137 12.2274 25.1711 1e+38 76.0856 1e+38 1e+38 26.0842 74.0637 
1e+38 1e+38 1e+38 1e+38 17.4617 1e+38 1e+38 60.6088 40.4959 1e+38 1e+38 68.5823 90.7023 1e+38 44.3177 1e+38 1e+38 0 1 1e+38 96.0714 1e+38 1e+38 8.29886 1e+38 1e+38 84.3845 1e+38 3.49381 10.4687 17.2952 1e+38 41.7134 81.0779 1e+38 59.1751 1e+38 1e+38 1e+38 1e+38 68.258 95.4536 51.3048 1e+38 1e+38 1e+38 79.0548 9.28209 1e+38 2.48518 
1e+38 1e+38 55.2196 27.1367 93.6139 33.1251 1e+38 77.9984 76.3567 1e+38 88.4671 1e+38 1e+38 30.1805 74.7298 25.5449 1e+38 16.9563 0 1 1e+38 1e+38 1e+38 1e+38 1e+38 19.2314 1e+38 42.4519 1e+38 1e+38 44.9371 24.666 1e+38 0.156755 1e+38 1e+38 1e+38 26.5259 1e+38 1e+38 1e+38 81.2443 3.29042 72.1397 11.4248 1e+38 97.6845 1e+38 94.9765 33.8634 
1e+38 94.6553 1e+38 14.5133 1e+38 1.69737 33.7447 92.245 44.1493 62.2581 28.0947 1e+38 1e+38 49.2595 89.2432 1e+38 1e+38 22.5251 1e+38 0 1 69.9957 38.0598 35.4541 1e+38 1e+38 1e+38 39.8199 50.265 8.45075 73.6833 1e+38 3.10607 1e+38 74.6984 48.745 13.6809 8.44307 40.99 1e+38 70.7012 1e+38 1e+38 1e+38 18.3442 1e+38 96.3522 1e+38 58.6849 61.6049 
39.198 90.8486 1e+38 1e+38 1e+38 1e+38 26.7423 39.7769 1e+38 1e+38 1e+38 87.239 37.1925 51.3337 99.2225 11.8909 1e+38 1e+38 1e+38 41.0687 0 1 1e+38 17.6503 48.6605 1e+38 1e+38 45.0127 1e+38 1e+38 6.61768 50.078 1e+38 1e+38 1e+38 29.6462 11.9542 54.0781 1e+38 1e+38 1e+38 17.6507 12.7489 1e+38 1e+38 11.9715 80.1688 69.0631 1e+38 0.50278 
1e+38 1e+38 91.538 1e+38 1e+38 40.1985 48.7826 1e+38 85.2113 59.6626 79.564 1e+38 9.74065 82.9076 1e+38 1e+38 1e+38 42.0014 91.1545 81.9768 67.5113 0 1 80.2602 1e+38 1e+38 1e+38 1e+38 37.6749 1e+38 71.1894 1e+38 1e+38 62.7273 68.0917 25.974 2.92583 16.8742 93.043 88.1371 76.5369 72.6069 1e+38 1e+38 55.5145 1e+38 23.3539 68.0683 52.0146 14.5084 
50.0451 1e+38 1e+38 1e+38 99.786 1e+38 1e+38 92.0176 1e+38 55.9593 9.12418 1e+38 3.76595 21.8393 31.8693 1e+38 47.8133 34.7952 1e+38 40.8562 1e+38 1e+38 0 1 51.5462 1e+38 1e+38 74.9001 37.046 64.9261 1e+38 87.091 84.4519 26.1567 1e+38 1e+38 1e+38 1e+38 1e+38 51.3754 1e+38 85.3797 20.5174 14.7733 1e+38 52.3867 1e+38 1e+38 87.1819 75.3627 
95.8885 1e+38 1e+38 9.35172 13.0124 92.1776 1e+38 1e+38 1e+38 1e+38 1e+38 56.4862 2.4664 75.3018 1e+38 1e+38 1e+38 1e+38 1e+38 1e+38 87.4411 5.28535 1e+38 0 1 1e+38 60.3452 1e+38 1e+38 1e+38 82.0522 1e+38 1e+38 1e+38 1e+38 1e+38 1e+38 1e+38 1e+38 1e+38 1e+38 1e+38 38.4251 1e+38 62.7291 1e+38 24.0676 1e+38 57.1336 18.3456 
1e+38 1e+38 1e+38 79.2388 1e+38 1e+38 7.63271 1e+38 50.3791 91.0589 60.4053 32.4314 70.3736 1e+38 1e+38 59.04 1e+38 69.9762 26.0359 85.2773 51.9151 8.4071 72.7046 1e+38 0 1 1e+38 1e+38 57.7024 1e+38 1e+38 15.7664 13.1164 1e+38 1e+38 1e+38 2.97847 2.63789 78.5278 1e+38 93.6968 38.9331 85.7889 64.0704 1e+38 1e+38 1e+38 1e+38 10.8802 49.1463 
30.9568 1e+38 57.5534 1e+38 53.1355 1e+38 1e+38 1e+38 68.1105 1e+38 33.0854 1e+38 1e+38 1e+38 63.0573 7.5691 1e+38 66.0357 10.207 90.3791 19.3933 3.90377 1e+38 1e+38 1e+38 0 1 1e+38 1e+38 1e+38 40.2309 62.9281 1e+38 1e+38 1e+38 72.8972 1e+38 1e+38 37.4408 1e+38 2.48229 70.5262 1e+38 15.0462 1e+38 83.5186 22.6153 28.5793 49.5543 32.8223 
1e+38 1e+38 36.7261 48.2706 1e+38 1e+38 1e+38 20.2161 1e+38 66.5336 77.1824 36.0157 1e+38 96.9441 33.8 1e+38 1e+38 1e+38 1e+38 1e+38 1e+38 4.2183 77.8082 1e+38 1e+38 94.5362 0 1 1e+38 1e+38 74.7022 1e+38 21.5572 1e+38 1e+38 1e+38 1e+38 1e+38 1e+38 1e+38 1e+38 93.0856 1e+38 1e+38 1e+38 81.7291 1e+38 1e+38 1e+38 18.6894 
67.153 63.1869 1e+38 44.9612 82.7236 42.1723 1e+38 85.7788 1e+38 1e+38 38.3884 58.7543 1e+38 1e+38 1e+38 1e+38 55.6326 1e+38 1e+38 1e+38 98.2243 1e+38 64.6214 1e+38 32.2807 54.6511 1e+38 0 1 1e+38 1e+38 81.6751 1e+38 90.8313 26.6363 1e+38 1e+38 66.1338 23.6832 17.0557 1e+38 62.0716 75.81 33.4335 1e+38 45.9925 1e+38 1e+38 1e+38 48.403 
1e+38 30.5277 59.7816 1e+38 1e+38 92.0623 68.4581 4.5634 1e+38 1e+38 96.5573 9.22004 64.6552 51.7381 1e+38 91.2915 89.6425 1e+38 57.4253 13.3257 50.1107 86.172 75.3973 25.9207 19.6055 97.4144 71.9132 48.0704 0 1 1e+38 1e+38 34.7444 56.255 1e+38 1e+38 1e+38 1e+38 1e+38 1e+38 89.495 1e+38 98.8337 1e+38 64.2842 1e+38 45.4417 1e+38 1e+38 2.86696 
1e+38 1e+38 1e+38 42.6496 7.97153 1e+38 1e+38 79.8847 1e+38 1e+38 84.1014 1e+38 1e+38 18.8458 1e+38 77.4348 1e+38 1e+38 1e+38 46.26 47.3741 73.4446 1e+38 1e+38 27.5948 23.0903 45.093 1e+38 77.017 0 1 1e+38 1e+38 1e+38 86.9189 1e+38 73.5869 26.9829 46.9401 30.3017 1e+38 1e+38 1e+38 81.4892 1e+38 1e+38 1e+38 1e+38 50.6936 42.8736 
26.4185 1e+38 16.3182 1e+38 1e+38 43.913 1e+38 1e+38 16.9495 85.3319 66.4016 92.853 29.6012 25.4855 57.7954 16.5201 92.5409 31.3823 43.5031 39.4811 1e+38 85.6142 1e+38 1e+38 67.1034 1e+38 1e+38 1e+38 1e+38 88.8006 0 1 1e+38 1e+38 1e+38 31.1439 29.1323 20.5263 1e+38 46.0818 1e+38 1e+38 1e+38 1e+38 1e+38 1e+38 51.9795 1e+38 28.1125 95.4825 
44.4215 1e+38 1e+38 1e+38 34.9705 1e+38 1e+38 73.0775 1e+38 1e+38 1e+38 43.1286 62.909 1e+38 28.3478 75.1204 1e+38 1e+38 95.6466 0.402658 3.56192 1.50478 1e+38 1e+38 1e+38 99.7161 1e+38 1e+38 1e+38 1e+38 84.4261 0 1 1e+38 64.0221 92.1066 1e+38 99.376 65.1841 1e+38 35.2983 1e+38 31.0791 1e+38 1e+38 1e+38 1e+38 55.6989 1e+38 68.9743 
56.1015 20.469 70.4791 43.4182 1e+38 7.44318 43.1343 1e+38 96.3868 1e+38 69.5324 1e+38 1e+38 1e+38 46.3358 60.8909 18.7751 60.0588 60.2669 1e+38 48.0094 95.5652 1e+38 1e+38 1e+38 1e+38 1e+38 1e+38 1e+38 1e+38 1e+38 1e+38 0 1 1e+38 38.8572 13.9967 85.1828 1e+38 1e+38 32.9736 10.5823 91.1963 29.8424 1e+38 1e+38 90.7333 56.0259 97.5909 51.0003 
1e+38 1e+38 1e+38 51.0063 1e+38 1e+38 1e+38 63.2042 7.43814 1e+38 18.6267 1e+38 1e+38 1e+38 50.0661 1e+38 1e+38 64.0627 6.2268 74.4253 74.4462 1e+38 85.0076 65.6425 1e+38 1e+38 3.1746 1e+38 78.2842 1e+38 1e+38 18.2692 1e+38 0 1 71.0544 1e+38 1e+38 34.2586 1e+38 87.4768 52.8853 1e+38 1e+38 47.4035 98.6968 87.5162 1e+38 62.7595 93.743 
1e+38 1e+38 32.9434 40.2117 1e+38 1e+38 1e+38 1e+38 61.7625 40.7543 6.78821 72.5391 59.0236 1e+38 1e+38 1e+38 1e+38 27.5611 1e+38 58.4669 32.6792 1e+38 1e+38 81.3099 1e+38 1e+38 1e+38 76.8761 1e+38 1e+38 1e+38 1e+38 1e+38 1e+38 0 1 5.54879 97.4204 1e+38 67.3113 1e+38 95.6309 1e+38 1e+38 48.7848 1e+38 1e+38 1e+38 97.2925 60.9082 
1e+38 29.9717 83.7959 42.8123 11.2816 1e+38 1e+38 1e+38 1e+38 41.1026 34.0544 20.6509 35.8412 14.0261 24.2134 1e+38 1e+38 1e+38 1e+38 85.6887 97.0735 6.38665 1e+38 36.9239 1e+38 1e+38 1e+38 29.0823 3.09756 1e+38 89.9906 1e+38 33.9196 73.7865 77.37 0 1 78.938 1e+38 1e+38 20.0406 70.5437 1e+38 1e+38 84.5699 41.8383 26.6733 1e+38 71.6004 94.8852 
67.1046 68.6739 1.27189 48.4243 5.59779 1e+38 1e+38 12.2531 33.9392 1e+38 1e+38 1e+38 1e+38 1e+38 97.7162 1e+38 1e+38 44.6585 1e+38 1e+38 1e+38 92.5325 2.35478 1e+38 48.4143 1e+38 1e+38 75.0877 1e+38 72.6963 1e+38 35.4452 41.3702 1e+38 1e+38 1e+38 0 1 1e+38 1e+38 44.0245 1e+38 1e+38 1e+38 25.5426 1e+38 1e+38 1e+38 76.3453 26.2541 
1e+38 17.9779 1e+38 55.03 77.2354 1e+38 1e+38 1e+38 42.2887 1e+38 51.0274 1e+38 1e+38 92.3976 1e+38 29.6099 1e+38 1e+38 1e+38 1e+38 69.6489 1e+38 1e+38 1e+38 1e+38 99.5513 1e+38 50.0032 20.4155 11.6515 1e+38 1e+38 29.6294 95.044 28.1208 6.86476 1e+38 0 1 4.53368 1e+38 36.2234 16.7953 1e+38 1e+38 1e+38 1e+38 1e+38 1e+38 47.7291 
66.5733 1e+38 83.7617 1e+38 33.178 80.0027 1e+38 1e+38 1e+38 60.5489 1e+38 1e+38 33.6396 1e+38 1.30728 61.7604 16.6299 63.5523 1e+38 1e+38 68.086 1e+38 1e+38 84.8813 38.3177 1e+38 85.1829 94.0387 34.6569 1e+38 1e+38 1.23017 1e+38 1e+38 41.8122 7.8291 5.53227 1e+38 0 1 42.4945 1e+38 1e+38 76.1341 1e+38 43.1087 37.8945 82.8441 6.66101 69.7304 
84.67 1e+38 1e+38 1e+38 1e+38 1e+38 89.3895 1e+38 14.2935 1e+38 89.9037 56.0614 1e+38 1e+38 1e+38 1e+38 1e+38 1e+38 49.0343 1e+38 22.6614 1e+38 5.14637 64.4629 67.6629 1e+38 7.57156 1e+38 54.2048 14.2326 75.2879 1e+38 1e+38 1e+38 61.594 48.6078 1e+38 1e+38 93.4189 0 1 1e+38 47.8346 0.306229 1e+38 29.4256 1e+38 1e+38 16.5489 16.4293 
1e+38 39.2103 1e+38 1e+38 3.67319 1e+38 1e+38 1e+38 1e+38 99.6705 25.4773 56.4662 1e+38 1e+38 13.6911 1e+38 1e+38 1e+38 51.1227 1e+38 82.944 26.1524 39.8063 30.7786 26.4586 87.6839 1e+38 1e+38 7.94537 1e+38 10.2829 1e+38 15.9635 18.2409 51.0093 19.6367 1e+38 1e+38 30.8814 75.0401 0 1 31.5063 1e+38 1e+38 1e+38 34.8302 1e+38 36.3682 85.9528 
90.3639 1e+38 12.1053 1e+38 1e+38 1e+38 1e+38 10.2951 1e+38 1e+38 1e+38 1e+38 1e+38 3.01168 1e+38 53.7129 22.6483 54.803 1e+38 53.5298 29.8431 46.3337 1e+38 1e+38 81.0246 80.7041 6.54679 1e+38 1e+38 1e+38 1.80763 1e+38 1e+38 1e+38 1e+38 12.3179 1e+38 52.9725 22.613 84.8943 78.772 0 1 1e+38 12.6729 88.5359 1e+38 35.3212 1e+38 85.3765 
88.851 73.1821 31.7102 1e+38 34.5315 12.7348 79.4436 1e+38 1e+38 1e+38 83.9932 1e+38 98.9762 46.2203 1e+38 34.0947 1e+38 96.7869 87.0672 1e+38 81.6812 1e+38 1e+38 1e+38 1e+38 1e+38 1e+38 82.5032 38.8065 1e+38 67.8798 1e+38 1e+38 99.59 26.397 1e+38 1e+38 1e+38 1e+38 40.9144 1e+38 1e+38 0 1 20.156 1e+38 32.9393 78.6942 1e+38 20.0065 
1e+38 94.0899 1e+38 50.6579 1e+38 1e+38 54.1431 1.17751 1e+38 1e+38 1e+38 83.5434 1e+38 1e+38 83.1334 1e+38 1e+38 1e+38 52.8446 1e+38 1e+38 1e+38 69.4033 7.68415 51.5577 1e+38 1e+38 1e+38 1e+38 35.7145 1e+38 1e+38 1e+38 1e+38 78.7567 1e+38 23.5094 32.8999 1e+38 39.173 1e+38 1e+38 1e+38 0 1 1e+38 93.4608 1e+38 1.30789 46.3054 
1e+38 37.6804 1e+38 1e+38 45.3646 50.5761 1e+38 1e+38 1e+38 61.5455 4.38499 1e+38 1e+38 1e+38 1e+38 68.4011 1e+38 1e+38 1e+38 1.70718 1e+38 1e+38 78.383 15.3242 1e+38 1e+38 1e+38 1e+38 1e+38 1e+38 1e+38 1e+38 1e+38 1e+38 1e+38 5.52688 62.9678 81.9363 74.1973 1e+38 1e+38 1e+38 37.6171 33.1261 0 1 1e+38 1e+38 20.9774 2.8282 
81.8384 13.5853 29.9787 60.2215 28.9095 3.58586 1e+38 50.0835 1e+38 22.5232 72.5654 1e+38 7.43455 1e+38 1e+38 96.0788 38.2546 59.3865 1e+38 1e+38 57.4272 21.4968 91.0342 95.0444 1e+38 3.80596 62.587 56.1501 1e+38 1e+38 58.9783 65.7757 97.1497 1e+38 25.9971 26.0592 1e+38 1e+38 76.1427 1e+38 20.4616 48.7081 1e+38 1e+38 81.4358 0 1 19.6903 3.02892 1.98996 
1e+38 1e+38 1e+38 1e+38 55.5006 1e+38 26.9824 1e+38 1e+38 1e+38 1e+38 93.238 1e+38 1e+38 82.195 1e+38 1e+38 74.7379 0.6309 1.00352 1e+38 21.0925 1e+38 85.1582 1e+38 1e+38 28.8006 72.9637 50.8377 1e+38 1e+38 1e+38 92.2857 98.4403 6.15645 47.7863 76.55 1e+38 65.8738 1e+38 44.0585 1e+38 1e+38 1e+38 66.3273 86.2427 0 1 1e+38 24.0771 
1e+38 1e+38 45.1696 1e+38 84.0734 94.1584 73.0506 12.874 67.122 23.8884 1e+38 1e+38 1e+38 1e+38 40.516 13.0248 84.7755 17.0659 46.1637 50.6493 1e+38 90.2222 18.175 1e+38 1e+38 1e+38 18.166 1e+38 1e+38 1e+38 58.4993 1e+38 1e+38 1e+38 1e+38 1e+38 1e+38 82.8359 75.0092 1e+38 6.72428 1e+38 7.02497 13.5926 1e+38 1e+38 1e+38 0 1 72.7811 
1e+38 1e+38 1e+38 10.3017 24.4058 1e+38 1e+38 42.5718 8.40148 70.4944 1e+38 66.9008 1e+38 1e+38 1e+38 48.1616 61.9155 1e+38 1e+38 36.9247 33.3464 37.7218 1e+38 1e+38 51.3144 13.3393 87.9123 77.9319 1e+38 52.5192 50.713 1e+38 1e+38 1e+38 1e+38 1e+38 1e+38 1e+38 11.9792 1e+38 1e+38 33.6977 1e+38 1e+38 1e+38 1e+38 9.08155 1e+38 0 1 
1 35.3111 77.8009 88.9555 75.6824 29.1153 2.29479 63.5947 7.04723 57.1115 16.1139 57.7603 4.05501 61.1155 71.4766 61.3002 30.5229 59.1722 13.3493 42.5021 55.2694 35.8929 76.1997 18.2673 96.8128 9.67769 51.8349 5.89436 5.07115 53.7996 45.9734 37.3893 89.1106 23.7743 26.3447 64.7931 52.8896 28.6395 28.3878 59.9369 85.7511 44.5017 17.6971 89.8061 5.61715 89.1737 51.1063 36.14 48.346 0 
